2theta,Intensity
10,6
10.02,8
10.04,8
10.06,6
10.08,7
10.1,5
10.12,5
10.14,9
10.16,8
10.18,4
10.2,5
10.22,7
10.24,7
10.26,5
10.28,4
10.3,6
10.32,8
10.34,6
10.36,6
10.38,6
10.4,9
10.42,8
10.44,5
10.46,6
10.48,7
10.5,5
10.52,5
10.54,7
10.56,6
10.58,5
10.6,7
10.62,5
10.64,2
10.66,3
10.68,7
10.7,7
10.72,6
10.74,4
10.76,5
10.78,5
10.8,6
10.82,7
10.84,7
10.86,5
10.88,6
10.9,4
10.92,3
10.94,5
10.96,5
10.98,4
11,5
11.02,7
11.04,5
11.06,2
11.08,4
11.1,5
11.12,3
11.14,2
11.16,5
11.18,6
11.2,4
11.22,5
11.24,5
11.26,5
11.28,7
11.3,9
11.32,9
11.34,2
11.36,3
11.38,5
11.4,5
11.42,4
11.44,4
11.46,4
11.48,6
11.5,4
11.52,8
11.54,8
11.56,5
11.58,8
11.6,9
11.62,9
11.64,7
11.66,4
11.68,5
11.7,4
11.72,3
11.74,4
11.76,4
11.78,2
11.8,3
11.82,5
11.84,5
11.86,5
11.88,3
11.9,5
11.92,4
11.94,8
11.96,4
11.98,4
12,5
12.02,4
12.04,4
12.06,5
12.08,4
12.1,5
12.12,7
12.14,10
12.16,6
12.18,6
12.2,6
12.22,5
12.24,5
12.26,6
12.28,7
12.3,6
12.32,5
12.34,6
12.36,5
12.38,7
12.4,8
12.42,3
12.44,5
12.46,3
12.48,4
12.5,5
12.52,6
12.54,6
12.56,6
12.58,6
12.6,4
12.62,6
12.64,3
12.66,4
12.68,5
12.7,2
12.72,6
12.74,5
12.76,8
12.78,7
12.8,6
12.82,6
12.84,2
12.86,5
12.88,5
12.9,4
12.92,4
12.94,2
12.96,1
12.98,3
13,5
13.02,6
13.04,4
13.06,4
13.08,6
13.1,8
13.12,4
13.14,3
13.16,7
13.18,5
13.2,4
13.22,2
13.24,3
13.26,5
13.28,6
13.3,9
13.32,4
13.34,2
13.36,4
13.38,6
13.4,4
13.42,4
13.44,4
13.46,2
13.48,9
13.5,6
13.52,5
13.54,6
13.56,3
13.58,8
13.6,5
13.62,4
13.64,6
13.66,3
13.68,4
13.7,2
13.72,4
13.74,6
13.76,2
13.78,4
13.8,7
13.82,10
13.84,8
13.86,2
13.88,6
13.9,6
13.92,10
13.94,8
13.96,3
13.98,6
14,5
14.02,8
14.04,4
14.06,7
14.08,4
14.1,6
14.12,5
14.14,5
14.16,7
14.18,7
14.2,6
14.22,4
14.24,8
14.26,7
14.28,4
14.3,5
14.32,3
14.34,6
14.36,6
14.38,6
14.4,8
14.42,4
14.44,6
14.46,6
14.48,6
14.5,7
14.52,4
14.54,3
14.56,3
14.58,3
14.6,5
14.62,4
14.64,4
14.66,8
14.68,7
14.7,4
14.72,5
14.74,7
14.76,7
14.78,4
14.8,2
14.82,6
14.84,6
14.86,8
14.88,8
14.9,9
14.92,5
14.94,6
14.96,3
14.98,5
15,8
15.02,3
15.04,7
15.06,4
15.08,4
15.1,5
15.12,3
15.14,8
15.16,6
15.18,5
15.2,7
15.22,3
15.24,5
15.26,5
15.28,7
15.3,4
15.32,4
15.34,8
15.36,2
15.38,5
15.4,5
15.42,4
15.44,3
15.46,6
15.48,12
15.5,2
15.52,5
15.54,3
15.56,7
15.58,7
15.6,10
15.62,2
15.64,4
15.66,4
15.68,10
15.7,5
15.72,4
15.74,7
15.76,6
15.78,7
15.8,7
15.82,4
15.84,1
15.86,5
15.88,7
15.9,5
15.92,7
15.94,7
15.96,3
15.98,4
16,7
16.02,6
16.04,4
16.06,8
16.08,4
16.1,6
16.12,7
16.14,3
16.16,6
16.18,7
16.2,7
16.22,6
16.24,3
16.26,4
16.28,7
16.3,10
16.32,4
16.34,5
16.36,6
16.38,6
16.4,8
16.42,4
16.44,6
16.46,4
16.48,3
16.5,5
16.52,8
16.54,5
16.56,7
16.58,11
16.6,6
16.62,7
16.64,9
16.66,9
16.68,8
16.7,10
16.72,3
16.74,5
16.76,5
16.78,4
16.8,9
16.82,6
16.84,6
16.86,5
16.88,6
16.9,7
16.92,3
16.94,5
16.96,4
16.98,5
17,10
17.02,3
17.04,6
17.06,5
17.08,7
17.1,6
17.12,7
17.14,9
17.16,7
17.18,6
17.2,12
17.22,7
17.24,7
17.26,4
17.28,8
17.3,8
17.32,7
17.34,8
17.36,9
17.38,12
17.4,6
17.42,8
17.44,11
17.46,9
17.48,6
17.5,10
17.52,6
17.54,3
17.56,5
17.58,2
17.6,3
17.62,2
17.64,7
17.66,9
17.68,6
17.7,6
17.72,5
17.74,5
17.76,12
17.78,10
17.8,7
17.82,15
17.84,16
17.86,14
17.88,13
17.9,20
17.92,17
17.94,24
17.96,26
17.98,26
18,32
18.02,36
18.04,32
18.06,37
18.08,32
18.1,18
18.12,13
18.14,11
18.16,9
18.18,9
18.2,4
18.22,2
18.24,5
18.26,7
18.28,8
18.3,5
18.32,5
18.34,7
18.36,4
18.38,4
18.4,6
18.42,6
18.44,5
18.46,5
18.48,4
18.5,4
18.52,4
18.54,4
18.56,5
18.58,3
18.6,5
18.62,8
18.64,7
18.66,5
18.68,5
18.7,7
18.72,5
18.74,3
18.76,4
18.78,6
18.8,6
18.82,5
18.84,3
18.86,7
18.88,5
18.9,3
18.92,4
18.94,5
18.96,7
18.98,7
19,9
19.02,6
19.04,7
19.06,7
19.08,9
19.1,11
19.12,9
19.14,6
19.16,6
19.18,6
19.2,4
19.22,5
19.24,6
19.26,5
19.28,5
19.3,6
19.32,11
19.34,7
19.36,2
19.38,3
19.4,5
19.42,4
19.44,11
19.46,9
19.48,5
19.5,6
19.52,5
19.54,4
19.56,7
19.58,9
19.6,7
19.62,4
19.64,3
19.66,5
19.68,5
19.7,5
19.72,4
19.74,2
19.76,3
19.78,6
19.8,9
19.82,6
19.84,6
19.86,8
19.88,5
19.9,6
19.92,5
19.94,5
19.96,7
19.98,6
20,4
20.02,6
20.04,6
20.06,5
20.08,5
20.1,4
20.12,4
20.14,6
20.16,6
20.18,7
20.2,6
20.22,3
20.24,4
20.26,8
20.28,7
20.3,4
20.32,4
20.34,3
20.36,6
20.38,7
20.4,4
20.42,5
20.44,7
20.46,6
20.48,4
20.5,2
20.52,5
20.54,6
20.56,8
20.58,7
20.6,5
20.62,4
20.64,6
20.66,8
20.68,7
20.7,5
20.72,4
20.74,5
20.76,5
20.78,4
20.8,6
20.82,5
20.84,4
20.86,7
20.88,6
20.9,6
20.92,8
20.94,8
20.96,8
20.98,8
21,5
21.02,5
21.04,4
21.06,5
21.08,7
21.1,7
21.12,9
21.14,7
21.16,5
21.18,6
21.2,6
21.22,6
21.24,5
21.26,8
21.28,9
21.3,5
21.32,6
21.34,7
21.36,12
21.38,13
21.4,7
21.42,11
21.44,9
21.46,5
21.48,5
21.5,5
21.52,5
21.54,4
21.56,6
21.58,8
21.6,7
21.62,5
21.64,6
21.66,5
21.68,8
21.7,8
21.72,5
21.74,8
21.76,8
21.78,3
21.8,4
21.82,6
21.84,6
21.86,4
21.88,5
21.9,6
21.92,4
21.94,7
21.96,5
21.98,3
22,5
22.02,7
22.04,8
22.06,6
22.08,3
22.1,3
22.12,5
22.14,3
22.16,2
22.18,5
22.2,5
22.22,2
22.24,3
22.26,5
22.28,4
22.3,3
22.32,6
22.34,6
22.36,3
22.38,5
22.4,7
22.42,7
22.44,7
22.46,7
22.48,5
22.5,8
22.52,7
22.54,6
22.56,7
22.58,7
22.6,8
22.62,4
22.64,3
22.66,6
22.68,9
22.7,7
22.72,10
22.74,9
22.76,16
22.78,18
22.8,15
22.82,15
22.84,13
22.86,20
22.88,24
22.9,33
22.92,38
22.94,39
22.96,34
22.98,28
23,22
23.02,13
23.04,11
23.06,14
23.08,9
23.1,6
23.12,5
23.14,6
23.16,5
23.18,3
23.2,6
23.22,6
23.24,8
23.26,6
23.28,6
23.3,8
23.32,7
23.34,4
23.36,4
23.38,5
23.4,6
23.42,5
23.44,4
23.46,6
23.48,7
23.5,4
23.52,4
23.54,5
23.56,3
23.58,3
23.6,6
23.62,5
23.64,3
23.66,9
23.68,3
23.7,3
23.72,4
23.74,7
23.76,7
23.78,7
23.8,5
23.82,3
23.84,3
23.86,4
23.88,6
23.9,8
23.92,7
23.94,3
23.96,5
23.98,8
24,6
24.02,3
24.04,5
24.06,7
24.08,5
24.1,4
24.12,7
24.14,9
24.16,8
24.18,10
24.2,7
24.22,14
24.24,14
24.26,12
24.28,10
24.3,12
24.32,14
24.34,6
24.36,8
24.38,11
24.4,13
24.42,12
24.44,9
24.46,10
24.48,16
24.5,14
24.52,7
24.54,13
24.56,10
24.58,18
24.6,14
24.62,18
24.64,25
24.66,29
24.68,28
24.7,24
24.72,38
24.74,32
24.76,30
24.78,29
24.8,21
24.82,12
24.84,10
24.86,10
24.88,6
24.9,8
24.92,7
24.94,8
24.96,5
24.98,4
25,5
25.02,7
25.04,4
25.06,6
25.08,3
25.1,4
25.12,7
25.14,6
25.16,9
25.18,4
25.2,7
25.22,5
25.24,4
25.26,12
25.28,9
25.3,11
25.32,12
25.34,14
25.36,9
25.38,14
25.4,16
25.42,16
25.44,23
25.46,19
25.48,23
25.5,26
25.52,38
25.54,38
25.56,24
25.58,22
25.6,29
25.62,28
25.64,21
25.66,23
25.68,19
25.7,17
25.72,12
25.74,14
25.76,12
25.78,19
25.8,21
25.82,18
25.84,23
25.86,29
25.88,30
25.9,26
25.92,22
25.94,18
25.96,13
25.98,15
26,10
26.02,7
26.04,6
26.06,10
26.08,6
26.1,5
26.12,4
26.14,6
26.16,10
26.18,4
26.2,14
26.22,9
26.24,9
26.26,7
26.28,5
26.3,7
26.32,5
26.34,5
26.36,8
26.38,2
26.4,7
26.42,7
26.44,3
26.46,7
26.48,5
26.5,7
26.52,3
26.54,7
26.56,11
26.58,2
26.6,8
26.62,8
26.64,6
26.66,5
26.68,13
26.7,5
26.72,3
26.74,6
26.76,5
26.78,4
26.8,8
26.82,6
26.84,5
26.86,10
26.88,7
26.9,5
26.92,8
26.94,7
26.96,5
26.98,2
27,11
27.02,4
27.04,7
27.06,8
27.08,4
27.1,6
27.12,9
27.14,8
27.16,9
27.18,9
27.2,7
27.22,13
27.24,5
27.26,7
27.28,1
27.3,14
27.32,8
27.34,9
27.36,9
27.38,14
27.4,11
27.42,14
27.44,15
27.46,18
27.48,16
27.5,15
27.52,16
27.54,31
27.56,28
27.58,52
27.6,55
27.62,71
27.64,88
27.66,110
27.68,130
27.7,129
27.72,137
27.74,109
27.76,108
27.78,63
27.8,56
27.82,46
27.84,36
27.86,22
27.88,16
27.9,17
27.92,11
27.94,5
27.96,12
27.98,10
28,8
28.02,7
28.04,13
28.06,9
28.08,9
28.1,10
28.12,10
28.14,8
28.16,4
28.18,9
28.2,7
28.22,9
28.24,9
28.26,7
28.28,4
28.3,10
28.32,5
28.34,11
28.36,6
28.38,7
28.4,12
28.42,4
28.44,3
28.46,6
28.48,6
28.5,7
28.52,6
28.54,8
28.56,6
28.58,2
28.6,5
28.62,7
28.64,6
28.66,7
28.68,6
28.7,5
28.72,8
28.74,7
28.76,7
28.78,9
28.8,12
28.82,7
28.84,2
28.86,7
28.88,6
28.9,5
28.92,8
28.94,5
28.96,10
28.98,9
29,11
29.02,10
29.04,5
29.06,7
29.08,12
29.1,9
29.12,13
29.14,12
29.16,11
29.18,10
29.2,21
29.22,22
29.24,25
29.26,37
29.28,50
29.3,64
29.32,87
29.34,101
29.36,89
29.38,107
29.4,100
29.42,107
29.44,82
29.46,56
29.48,40
29.5,32
29.52,24
29.54,17
29.56,10
29.58,7
29.6,8
29.62,10
29.64,9
29.66,7
29.68,9
29.7,8
29.72,9
29.74,6
29.76,4
29.78,7
29.8,4
29.82,13
29.84,7
29.86,10
29.88,7
29.9,8
29.92,10
29.94,7
29.96,8
29.98,6
30,3
30.02,5
30.04,3
30.06,5
30.08,7
30.1,8
30.12,6
30.14,7
30.16,7
30.18,5
30.2,7
30.22,11
30.24,14
30.26,12
30.28,12
30.3,23
30.32,22
30.34,19
30.36,24
30.38,28
30.4,39
30.42,33
30.44,34
30.46,38
30.48,26
30.5,28
30.52,23
30.54,18
30.56,15
30.58,10
30.6,8
30.62,6
30.64,9
30.66,12
30.68,5
30.7,6
30.72,9
30.74,7
30.76,8
30.78,10
30.8,8
30.82,7
30.84,3
30.86,4
30.88,6
30.9,8
30.92,8
30.94,8
30.96,6
30.98,6
31,7
31.02,8
31.04,10
31.06,7
31.08,7
31.1,8
31.12,9
31.14,6
31.16,7
31.18,5
31.2,6
31.22,9
31.24,10
31.26,11
31.28,16
31.3,17
31.32,18
31.34,17
31.36,27
31.38,52
31.4,60
31.42,81
31.44,84
31.46,95
31.48,91
31.5,81
31.52,65
31.54,48
31.56,47
31.58,44
31.6,37
31.62,26
31.64,30
31.66,30
31.68,28
31.7,35
31.72,47
31.74,52
31.76,74
31.78,79
31.8,63
31.82,55
31.84,48
31.86,38
31.88,31
31.9,31
31.92,15
31.94,11
31.96,11
31.98,5
32,9
32.02,10
32.04,6
32.06,7
32.08,7
32.1,7
32.12,6
32.14,7
32.16,8
32.18,13
32.2,9
32.22,6
32.24,8
32.26,13
32.28,14
32.3,12
32.32,14
32.34,16
32.36,12
32.38,15
32.4,20
32.42,16
32.44,15
32.46,13
32.48,15
32.5,11
32.52,10
32.54,9
32.56,12
32.58,10
32.6,8
32.62,9
32.64,9
32.66,11
32.68,15
32.7,16
32.72,15
32.74,25
32.76,25
32.78,25
32.8,32
32.82,42
32.84,54
32.86,57
32.88,70
32.9,83
32.92,86
32.94,91
32.96,90
32.98,81
33,78
33.02,63
33.04,42
33.06,28
33.08,20
33.1,17
33.12,15
33.14,12
33.16,13
33.18,12
33.2,13
33.22,10
33.24,9
33.26,6
33.28,4
33.3,7
33.32,7
33.34,7
33.36,10
33.38,8
33.4,5
33.42,6
33.44,9
33.46,8
33.48,8
33.5,8
33.52,9
33.54,11
33.56,9
33.58,9
33.6,6
33.62,4
33.64,5
33.66,4
33.68,5
33.7,8
33.72,9
33.74,10
33.76,7
33.78,5
33.8,4
33.82,5
33.84,4
33.86,8
33.88,6
33.9,5
33.92,5
33.94,5
33.96,6
33.98,6
34,7
34.02,9
34.04,10
34.06,8
34.08,10
34.1,10
34.12,9
34.14,7
34.16,7
34.18,6
34.2,4
34.22,6
34.24,7
34.26,9
34.28,12
34.3,9
34.32,7
34.34,10
34.36,11
34.38,9
34.4,10
34.42,10
34.44,5
34.46,4
34.48,4
34.5,5
34.52,8
34.54,7
34.56,8
34.58,9
34.6,9
34.62,8
34.64,5
34.66,4
34.68,5
34.7,6
34.72,9
34.74,9
34.76,7
34.78,6
34.8,5
34.82,5
34.84,5
34.86,3
34.88,6
34.9,7
34.92,3
34.94,3
34.96,5
34.98,6
35,4
35.02,6
35.04,6
35.06,2
35.08,3
35.1,4
35.12,4
35.14,7
35.16,6
35.18,5
35.2,7
35.22,10
35.24,9
35.26,11
35.28,12
35.3,8
35.32,7
35.34,10
35.36,7
35.38,7
35.4,6
35.42,5
35.44,6
35.46,5
35.48,3
35.5,2
35.52,3
35.54,2
35.56,3
35.58,6
35.6,4
35.62,2
35.64,2
35.66,3
35.68,4
35.7,4
35.72,4
35.74,4
35.76,2
35.78,4
35.8,6
35.82,5
35.84,3
35.86,4
35.88,6
35.9,5
35.92,4
35.94,6
35.96,9
35.98,7
36,7
36.02,5
36.04,6
36.06,5
36.08,4
36.1,6
36.12,11
36.14,12
36.16,16
36.18,17
36.2,13
36.22,18
36.24,19
36.26,13
36.28,9
36.3,12
36.32,14
36.34,13
36.36,6
36.38,9
36.4,10
36.42,6
36.44,10
36.46,11
36.48,14
36.5,18
36.52,12
36.54,9
36.56,15
36.58,15
36.6,24
36.62,34
36.64,34
36.66,36
36.68,32
36.7,26
36.72,25
36.74,20
36.76,14
36.78,15
36.8,15
36.82,11
36.84,16
36.86,14
36.88,15
36.9,16
36.92,13
36.94,15
36.96,18
36.98,12
37,11
37.02,13
37.04,11
37.06,8
37.08,11
37.1,9
37.12,4
37.14,9
37.16,7
37.18,3
37.2,2
37.22,7
37.24,13
37.26,7
37.28,6
37.3,7
37.32,9
37.34,9
37.36,8
37.38,8
37.4,13
37.42,11
37.44,17
37.46,16
37.48,18
37.5,21
37.52,15
37.54,14
37.56,14
37.58,14
37.6,11
37.62,11
37.64,8
37.66,9
37.68,9
37.7,8
37.72,8
37.74,6
37.76,7
37.78,4
37.8,5
37.82,3
37.84,6
37.86,10
37.88,10
37.9,12
37.92,7
37.94,9
37.96,6
37.98,4
38,9
38.02,4
38.04,7
38.06,9
38.08,4
38.1,7
38.12,5
38.14,1
38.16,2
38.18,6
38.2,12
38.22,6
38.24,7
38.26,8
38.28,7
38.3,12
38.32,13
38.34,9
38.36,9
38.38,6
38.4,4
38.42,5
38.44,4
38.46,6
38.48,4
38.5,6
38.52,7
38.54,5
38.56,4
38.58,5
38.6,6
38.62,4
38.64,3
38.66,3
38.68,5
38.7,7
38.72,6
38.74,6
38.76,10
38.78,15
38.8,8
38.82,15
38.84,13
38.86,15
38.88,9
38.9,10
38.92,14
38.94,10
38.96,7
38.98,5
39,2
39.02,4
39.04,2
39.06,5
39.08,4
39.1,6
39.12,2
39.14,9
39.16,7
39.18,3
39.2,3
39.22,7
39.24,7
39.26,4
39.28,4
39.3,5
39.32,3
39.34,6
39.36,2
39.38,5
39.4,2
39.42,5
39.44,6
39.46,5
39.48,8
39.5,12
39.52,7
39.54,12
39.56,16
39.58,16
39.6,28
39.62,11
39.64,12
39.66,15
39.68,8
39.7,11
39.72,12
39.74,6
39.76,5
39.78,6
39.8,9
39.82,3
39.84,8
39.86,4
39.88,3
39.9,4
39.92,5
39.94,4
39.96,6
39.98,3
40,1
40.02,2
40.04,7
40.06,7
40.08,2
40.1,4
40.12,7
40.14,9
40.16,4
40.18,5
40.2,2
40.22,5
40.24,5
40.26,3
40.28,5
40.3,3
40.32,3
40.34,3
40.36,3
40.38,6
40.4,3
40.42,8
40.44,3
40.46,3
40.48,5
40.5,11
40.52,3
40.54,3
40.56,8
40.58,5
40.6,8
40.62,2
40.64,5
40.66,2
40.68,6
40.7,3
40.72,4
40.74,5
40.76,4
40.78,2
40.8,2
40.82,3
40.84,5
40.86,4
40.88,4
40.9,4
40.92,4
40.94,5
40.96,4
40.98,5
41,7
41.02,3
41.04,9
41.06,7
41.08,10
41.1,4
41.12,3
41.14,5
41.16,6
41.18,5
41.2,11
41.22,9
41.24,3
41.26,4
41.28,6
41.3,4
41.32,4
41.34,7
41.36,10
41.38,12
41.4,16
41.42,22
41.44,14
41.46,8
41.48,11
41.5,15
41.52,15
41.54,23
41.56,14
41.58,26
41.6,24
41.62,18
41.64,27
41.66,24
41.68,25
41.7,23
41.72,27
41.74,27
41.76,18
41.78,26
41.8,20
41.82,16
41.84,10
41.86,8
41.88,10
41.9,6
41.92,6
41.94,6
41.96,4
41.98,7
42,5
42.02,4
42.04,7
42.06,6
42.08,6
42.1,9
42.12,3
42.14,5
42.16,7
42.18,5
42.2,3
42.22,5
42.24,3
42.26,3
42.28,2
42.3,4
42.32,9
42.34,6
42.36,4
42.38,6
42.4,7
42.42,5
42.44,11
42.46,5
42.48,5
42.5,5
42.52,5
42.54,7
42.56,6
42.58,6
42.6,5
42.62,5
42.64,4
42.66,2
42.68,7
42.7,3
42.72,2
42.74,3
42.76,7
42.78,4
42.8,5
42.82,4
42.84,4
42.86,3
42.88,2
42.9,6
42.92,4
42.94,3
42.96,5
42.98,6
43,7
43.02,5
43.04,4
43.06,5
43.08,5
43.1,4
43.12,8
43.14,8
43.16,3
43.18,2
43.2,3
43.22,12
43.24,8
43.26,4
43.28,4
43.3,6
43.32,4
43.34,6
43.36,10
43.38,5
43.4,4
43.42,9
43.44,13
43.46,14
43.48,12
43.5,11
43.52,13
43.54,11
43.56,14
43.58,21
43.6,24
43.62,24
43.64,27
43.66,30
43.68,31
43.7,26
43.72,22
43.74,19
43.76,17
43.78,20
43.8,18
43.82,13
43.84,14
43.86,12
43.88,9
43.9,9
43.92,7
43.94,7
43.96,7
43.98,7
44,9
44.02,8
44.04,6
44.06,2
44.08,4
44.1,5
44.12,6
44.14,8
44.16,5
44.18,7
44.2,8
44.22,9
44.24,9
44.26,9
44.28,9
44.3,11
44.32,10
44.34,8
44.36,6
44.38,10
44.4,11
44.42,8
44.44,6
44.46,5
44.48,5
44.5,4
44.52,5
44.54,4
44.56,4
44.58,5
44.6,4
44.62,5
44.64,5
44.66,3
44.68,3
44.7,6
44.72,7
44.74,3
44.76,4
44.78,8
44.8,7
44.82,6
44.84,5
44.86,7
44.88,7
44.9,5
44.92,4
44.94,5
44.96,6
44.98,8
45,7
45.02,4
45.04,6
45.06,11
45.08,12
45.1,8
45.12,11
45.14,13
45.16,15
45.18,19
45.2,21
45.22,26
45.24,29
45.26,31
45.28,34
45.3,31
45.32,20
45.34,17
45.36,27
45.38,35
45.4,35
45.42,44
45.44,50
45.46,49
45.48,51
45.5,51
45.52,53
45.54,47
45.56,40
45.58,31
45.6,26
45.62,23
45.64,25
45.66,22
45.68,16
45.7,16
45.72,13
45.74,11
45.76,15
45.78,17
45.8,14
45.82,12
45.84,12
45.86,14
45.88,14
45.9,10
45.92,12
45.94,12
45.96,13
45.98,8
46,6
46.02,5
46.04,5
46.06,8
46.08,10
46.1,6
46.12,6
46.14,8
46.16,10
46.18,9
46.2,6
46.22,4
46.24,5
46.26,7
46.28,9
46.3,5
46.32,4
46.34,4
46.36,5
46.38,4
46.4,4
46.42,6
46.44,8
46.46,7
46.48,7
46.5,13
46.52,12
46.54,8
46.56,7
46.58,7
46.6,6
46.62,8
46.64,8
46.66,5
46.68,5
46.7,6
46.72,3
46.74,7
46.76,7
46.78,6
46.8,8
46.82,9
46.84,5
46.86,6
46.88,7
46.9,7
46.92,5
46.94,4
46.96,5
46.98,5
47,5
47.02,4
47.04,4
47.06,6
47.08,6
47.1,4
47.12,6
47.14,7
47.16,7
47.18,6
47.2,6
47.22,7
47.24,4
47.26,8
47.28,5
47.3,3
47.32,3
47.34,5
47.36,8
47.38,6
47.4,4
47.42,5
47.44,6
47.46,5
47.48,8
47.5,6
47.52,7
47.54,6
47.56,9
47.58,9
47.6,17
47.62,9
47.64,10
47.66,8
47.68,7
47.7,10
47.72,13
47.74,9
47.76,7
47.78,6
47.8,8
47.82,8
47.84,4
47.86,5
47.88,8
47.9,5
47.92,4
47.94,9
47.96,7
47.98,6
48,4
48.02,6
48.04,8
48.06,6
48.08,3
48.1,4
48.12,8
48.14,12
48.16,13
48.18,10
48.2,20
48.22,22
48.24,22
48.26,31
48.28,30
48.3,28
48.32,17
48.34,16
48.36,21
48.38,19
48.4,14
48.42,20
48.44,22
48.46,16
48.48,13
48.5,9
48.52,5
48.54,6
48.56,4
48.58,10
48.6,10
48.62,12
48.64,15
48.66,16
48.68,15
48.7,20
48.72,16
48.74,18
48.76,21
48.78,16
48.8,18
48.82,17
48.84,15
48.86,16
48.88,13
48.9,19
48.92,14
48.94,10
48.96,6
48.98,7
49,16
49.02,17
49.04,15
49.06,21
49.08,17
49.1,22
49.12,12
49.14,14
49.16,14
49.18,12
49.2,10
49.22,10
49.24,16
49.26,5
49.28,10
49.3,16
49.32,4
49.34,5
49.36,5
49.38,1
49.4,7
49.42,10
49.44,4
49.46,14
49.48,13
49.5,11
49.52,19
49.54,9
49.56,6
49.58,12
49.6,3
49.62,6
49.64,5
49.66,13
49.68,7
49.7,8
49.72,11
49.74,10
49.76,14
49.78,11
49.8,8
49.82,12
49.84,9
49.86,9
49.88,10
49.9,14
49.92,7
49.94,8
49.96,10
49.98,7
50,8
50.02,7
50.04,8
50.06,5
50.08,13
50.1,18
50.12,13
50.14,11
50.16,19
50.18,19
50.2,17
50.22,14
50.24,20
50.26,20
50.28,19
50.3,22
50.32,16
50.34,17
50.36,15
50.38,12
50.4,11
50.42,11
50.44,15
50.46,13
50.48,17
50.5,15
50.52,12
50.54,9
50.56,8
50.58,13
50.6,17
50.62,13
50.64,9
50.66,7
50.68,12
50.7,9
50.72,15
50.74,15
50.76,18
50.78,9
50.8,8
50.82,8
50.84,6
50.86,4
50.88,7
50.9,11
50.92,6
50.94,4
50.96,6
50.98,6
51,7
51.02,7
51.04,8
51.06,4
51.08,7
51.1,10
51.12,10
51.14,6
51.16,7
51.18,7
51.2,10
51.22,10
51.24,10
51.26,9
51.28,7
51.3,7
51.32,6
51.34,6
51.36,8
51.38,5
51.4,6
51.42,8
51.44,7
51.46,6
51.48,8
51.5,6
51.52,4
51.54,5
51.56,6
51.58,5
51.6,9
51.62,6
51.64,3
51.66,6
51.68,7
51.7,6
51.72,6
51.74,7
51.76,10
51.78,13
51.8,10
51.82,11
51.84,9
51.86,10
51.88,13
51.9,16
51.92,14
51.94,13
51.96,16
51.98,16
52,14
52.02,12
52.04,9
52.06,13
52.08,16
52.1,15
52.12,16
52.14,15
52.16,13
52.18,12
52.2,16
52.22,20
52.24,20
52.26,15
52.28,16
52.3,22
52.32,24
52.34,30
52.36,34
52.38,49
52.4,59
52.42,60
52.44,68
52.46,71
52.48,72
52.5,70
52.52,60
52.54,57
52.56,60
52.58,55
52.6,47
52.62,40
52.64,41
52.66,37
52.68,26
52.7,23
52.72,25
52.74,26
52.76,22
52.78,18
52.8,12
52.82,12
52.84,13
52.86,15
52.88,18
52.9,15
52.92,16
52.94,18
52.96,17
52.98,10
53,10
53.02,20
53.04,25
53.06,26
53.08,28
53.1,28
53.12,22
53.14,14
53.16,17
53.18,21
53.2,23
53.22,21
53.24,12
53.26,11
53.28,10
53.3,9
53.32,12
53.34,15
53.36,15
53.38,10
53.4,8
53.42,6
53.44,13
53.46,14
53.48,9
53.5,12
53.52,10
53.54,7
53.56,11
53.58,10
53.6,8
53.62,6
53.64,7
53.66,12
53.68,10
53.7,8
53.72,7
53.74,6
53.76,12
53.78,14
53.8,10
53.82,6
53.84,12
53.86,20
53.88,12
53.9,16
53.92,17
53.94,17
53.96,20
53.98,17
54,20
54.02,27
54.04,29
54.06,31
54.08,41
54.1,51
54.12,54
54.14,50
54.16,53
54.18,42
54.2,36
54.22,32
54.24,29
54.26,31
54.28,31
54.3,32
54.32,24
54.34,23
54.36,12
54.38,9
54.4,6
54.42,7
54.44,7
54.46,10
54.48,8
54.5,12
54.52,10
54.54,6
54.56,6
54.58,11
54.6,8
54.62,9
54.64,7
54.66,6
54.68,6
54.7,7
54.72,7
54.74,8
54.76,6
54.78,6
54.8,7
54.82,9
54.84,8
54.86,8
54.88,7
54.9,8
54.92,4
54.94,5
54.96,10
54.98,9
55,6
55.02,9
55.04,7
55.06,9
55.08,6
55.1,9
55.12,5
55.14,7
55.16,5
55.18,7
55.2,7
55.22,8
55.24,10
55.26,6
55.28,7
55.3,11
55.32,9
55.34,11
55.36,4
55.38,5
55.4,7
55.42,8
55.44,11
55.46,10
55.48,14
55.5,11
55.52,10
55.54,9
55.56,13
55.58,12
55.6,17
55.62,21
55.64,22
55.66,24
55.68,37
55.7,29
55.72,39
55.74,44
55.76,39
55.78,34
55.8,39
55.82,30
55.84,31
55.86,33
55.88,28
55.9,24
55.92,27
55.94,22
55.96,13
55.98,12
56,10
56.02,14
56.04,13
56.06,12
56.08,12
56.1,12
56.12,14
56.14,6
56.16,9
56.18,11
56.2,9
56.22,13
56.24,12
56.26,9
56.28,11
56.3,20
56.32,12
56.34,10
56.36,16
56.38,18
56.4,10
56.42,11
56.44,16
56.46,19
56.48,15
56.5,21
56.52,15
56.54,14
56.56,13
56.58,16
56.6,5
56.62,14
56.64,13
56.66,12
56.68,14
56.7,20
56.72,11
56.74,12
56.76,16
56.78,17
56.8,13
56.82,13
56.84,13
56.86,15
56.88,16
56.9,11
56.92,22
56.94,11
56.96,11
56.98,11
57,13
57.02,7
57.04,13
57.06,11
57.08,12
57.1,18
57.12,21
57.14,20
57.16,21
57.18,18
57.2,17
57.22,16
57.24,17
57.26,11
57.28,16
57.3,16
57.32,13
57.34,24
57.36,15
57.38,7
57.4,10
57.42,18
57.44,1
57.46,10
57.48,8
57.5,8
57.52,6
57.54,6
57.56,9
57.58,14
57.6,10
57.62,9
57.64,11
57.66,10
57.68,8
57.7,6
57.72,2
57.74,9
57.76,7
57.78,4
57.8,9
57.82,9
57.84,3
57.86,2
57.88,6
57.9,6
57.92,9
57.94,6
57.96,3
57.98,6
58,13
58.02,8
58.04,5
58.06,8
58.08,7
58.1,7
58.12,4
58.14,9
58.16,8
58.18,7
58.2,7
58.22,4
58.24,3
58.26,7
58.28,6
58.3,9
58.32,7
58.34,6
58.36,8
58.38,13
58.4,10
58.42,5
58.44,11
58.46,4
58.48,11
58.5,3
58.52,13
58.54,5
58.56,6
58.58,4
58.6,13
58.62,8
58.64,5
58.66,7
58.68,5
58.7,11
58.72,11
58.74,14
58.76,9
58.78,13
58.8,15
58.82,21
58.84,17
58.86,18
58.88,14
58.9,12
58.92,19
58.94,17
58.96,12
58.98,11
59,10
59.02,10
59.04,9
59.06,11
59.08,10
59.1,13
59.12,16
59.14,12
59.16,8
59.18,15
59.2,11
59.22,4
59.24,9
59.26,7
59.28,14
59.3,6
59.32,7
59.34,4
59.36,7
59.38,8
59.4,13
59.42,9
59.44,8
59.46,7
59.48,12
59.5,8
59.52,12
59.54,5
59.56,7
59.58,4
59.6,6
59.62,5
59.64,7
59.66,8
59.68,9
59.7,6
59.72,8
59.74,7
59.76,5
59.78,6
59.8,8
59.82,6
59.84,8
59.86,8
59.88,8
59.9,4
59.92,1
59.94,10
59.96,11
59.98,5
60,5

