2theta,Intensity
10,4
10.02,6
10.04,6
10.06,6
10.08,5
10.1,4
10.12,4
10.14,6
10.16,8
10.18,6
10.2,5
10.22,6
10.24,5
10.26,2
10.28,5
10.3,6
10.32,3
10.34,6
10.36,8
10.38,5
10.4,6
10.42,7
10.44,6
10.46,5
10.48,6
10.5,7
10.52,6
10.54,7
10.56,9
10.58,9
10.6,10
10.62,7
10.64,4
10.66,5
10.68,4
10.7,6
10.72,7
10.74,7
10.76,6
10.78,6
10.8,7
10.82,6
10.84,6
10.86,5
10.88,2
10.9,7
10.92,8
10.94,5
10.96,6
10.98,7
11,6
11.02,3
11.04,5
11.06,6
11.08,7
11.1,5
11.12,6
11.14,7
11.16,8
11.18,7
11.2,8
11.22,7
11.24,6
11.26,7
11.28,6
11.3,3
11.32,4
11.34,7
11.36,8
11.38,7
11.4,8
11.42,9
11.44,8
11.46,7
11.48,6
11.5,7
11.52,6
11.54,8
11.56,8
11.58,6
11.6,6
11.62,7
11.64,5
11.66,5
11.68,5
11.7,7
11.72,4
11.74,3
11.76,6
11.78,5
11.8,4
11.82,5
11.84,6
11.86,7
11.88,8
11.9,8
11.92,8
11.94,5
11.96,5
11.98,5
12,5
12.02,5
12.04,7
12.06,9
12.08,8
12.1,8
12.12,9
12.14,13
12.16,11
12.18,15
12.2,13
12.22,15
12.24,18
12.26,17
12.28,24
12.3,26
12.32,33
12.34,33
12.36,35
12.38,32
12.4,26
12.42,26
12.44,19
12.46,18
12.48,13
12.5,14
12.52,17
12.54,12
12.56,15
12.58,8
12.6,10
12.62,13
12.64,10
12.66,13
12.68,11
12.7,17
12.72,16
12.74,18
12.76,18
12.78,27
12.8,31
12.82,39
12.84,53
12.86,45
12.88,52
12.9,42
12.92,42
12.94,35
12.96,27
12.98,15
13,12
13.02,10
13.04,8
13.06,9
13.08,14
13.1,9
13.12,10
13.14,7
13.16,9
13.18,9
13.2,6
13.22,8
13.24,10
13.26,10
13.28,11
13.3,6
13.32,9
13.34,11
13.36,5
13.38,9
13.4,7
13.42,8
13.44,7
13.46,9
13.48,6
13.5,10
13.52,4
13.54,7
13.56,6
13.58,10
13.6,8
13.62,10
13.64,4
13.66,7
13.68,8
13.7,7
13.72,12
13.74,8
13.76,11
13.78,9
13.8,7
13.82,4
13.84,8
13.86,13
13.88,15
13.9,15
13.92,10
13.94,17
13.96,9
13.98,17
14,11
14.02,9
14.04,10
14.06,14
14.08,11
14.1,22
14.12,21
14.14,22
14.16,23
14.18,19
14.2,16
14.22,34
14.24,29
14.26,35
14.28,33
14.3,46
14.32,35
14.34,43
14.36,36
14.38,34
14.4,37
14.42,22
14.44,24
14.46,13
14.48,17
14.5,14
14.52,14
14.54,16
14.56,15
14.58,11
14.6,9
14.62,17
14.64,18
14.66,20
14.68,12
14.7,13
14.72,11
14.74,13
14.76,11
14.78,12
14.8,11
14.82,15
14.84,15
14.86,18
14.88,9
14.9,4
14.92,12
14.94,15
14.96,9
14.98,19
15,6
15.02,8
15.04,8
15.06,11
15.08,8
15.1,5
15.12,6
15.14,11
15.16,4
15.18,13
15.2,8
15.22,7
15.24,11
15.26,7
15.28,8
15.3,10
15.32,10
15.34,10
15.36,2
15.38,6
15.4,5
15.42,6
15.44,11
15.46,17
15.48,14
15.5,9
15.52,12
15.54,11
15.56,13
15.58,18
15.6,15
15.62,13
15.64,15
15.66,12
15.68,13
15.7,12
15.72,19
15.74,18
15.76,16
15.78,23
15.8,22
15.82,29
15.84,37
15.86,42
15.88,46
15.9,58
15.92,55
15.94,61
15.96,67
15.98,79
16,75
16.02,68
16.04,60
16.06,73
16.08,65
16.1,28
16.12,23
16.14,20
16.16,14
16.18,14
16.2,17
16.22,13
16.24,11
16.26,15
16.28,6
16.3,7
16.32,12
16.34,16
16.36,6
16.38,5
16.4,7
16.42,11
16.44,9
16.46,7
16.48,9
16.5,15
16.52,16
16.54,17
16.56,9
16.58,18
16.6,12
16.62,14
16.64,11
16.66,15
16.68,13
16.7,8
16.72,10
16.74,10
16.76,14
16.78,11
16.8,11
16.82,15
16.84,9
16.86,8
16.88,7
16.9,9
16.92,11
16.94,9
16.96,9
16.98,11
17,6
17.02,16
17.04,12
17.06,9
17.08,15
17.1,14
17.12,12
17.14,9
17.16,9
17.18,15
17.2,11
17.22,15
17.24,10
17.26,12
17.28,11
17.3,15
17.32,15
17.34,17
17.36,21
17.38,18
17.4,16
17.42,19
17.44,22
17.46,27
17.48,27
17.5,30
17.52,26
17.54,27
17.56,26
17.58,25
17.6,27
17.62,36
17.64,29
17.66,17
17.68,21
17.7,25
17.72,19
17.74,19
17.76,11
17.78,9
17.8,9
17.82,12
17.84,14
17.86,12
17.88,14
17.9,12
17.92,14
17.94,11
17.96,11
17.98,11
18,10
18.02,6
18.04,10
18.06,16
18.08,14
18.1,16
18.12,12
18.14,7
18.16,9
18.18,18
18.2,14
18.22,11
18.24,9
18.26,10
18.28,14
18.3,13
18.32,8
18.34,10
18.36,13
18.38,14
18.4,10
18.42,8
18.44,7
18.46,9
18.48,9
18.5,5
18.52,10
18.54,11
18.56,9
18.58,7
18.6,6
18.62,7
18.64,8
18.66,11
18.68,8
18.7,13
18.72,14
18.74,12
18.76,7
18.78,11
18.8,9
18.82,9
18.84,8
18.86,7
18.88,13
18.9,9
18.92,7
18.94,7
18.96,11
18.98,14
19,13
19.02,14
19.04,17
19.06,21
19.08,22
19.1,25
19.12,23
19.14,20
19.16,15
19.18,16
19.2,9
19.22,8
19.24,9
19.26,9
19.28,14
19.3,15
19.32,14
19.34,10
19.36,8
19.38,8
19.4,8
19.42,10
19.44,6
19.46,10
19.48,13
19.5,6
19.52,7
19.54,18
19.56,14
19.58,10
19.6,10
19.62,9
19.64,11
19.66,16
19.68,15
19.7,12
19.72,13
19.74,16
19.76,14
19.78,15
19.8,15
19.82,15
19.84,13
19.86,6
19.88,8
19.9,9
19.92,8
19.94,8
19.96,11
19.98,10
20,8
20.02,8
20.04,14
20.06,16
20.08,14
20.1,13
20.12,11
20.14,10
20.16,9
20.18,9
20.2,11
20.22,10
20.24,14
20.26,15
20.28,11
20.3,8
20.32,8
20.34,8
20.36,5
20.38,7
20.4,7
20.42,7
20.44,13
20.46,12
20.48,10
20.5,10
20.52,12
20.54,15
20.56,12
20.58,12
20.6,18
20.62,18
20.64,16
20.66,17
20.68,19
20.7,18
20.72,15
20.74,25
20.76,35
20.78,31
20.8,34
20.82,44
20.84,40
20.86,37
20.88,33
20.9,24
20.92,23
20.94,22
20.96,16
20.98,17
21,18
21.02,12
21.04,15
21.06,21
21.08,15
21.1,13
21.12,16
21.14,13
21.16,14
21.18,15
21.2,8
21.22,7
21.24,11
21.26,11
21.28,10
21.3,13
21.32,13
21.34,13
21.36,13
21.38,13
21.4,15
21.42,16
21.44,17
21.46,15
21.48,14
21.5,16
21.52,12
21.54,11
21.56,11
21.58,8
21.6,10
21.62,10
21.64,8
21.66,10
21.68,10
21.7,11
21.72,9
21.74,10
21.76,14
21.78,16
21.8,14
21.82,15
21.84,16
21.86,15
21.88,13
21.9,16
21.92,15
21.94,9
21.96,12
21.98,15
22,14
22.02,12
22.04,13
22.06,20
22.08,22
22.1,19
22.12,26
22.14,34
22.16,40
22.18,43
22.2,53
22.22,61
22.24,61
22.26,62
22.28,62
22.3,58
22.32,72
22.34,72
22.36,67
22.38,74
22.4,70
22.42,67
22.44,69
22.46,79
22.48,84
22.5,94
22.52,87
22.54,59
22.56,56
22.58,44
22.6,36
22.62,40
22.64,37
22.66,36
22.68,37
22.7,43
22.72,60
22.74,73
22.76,99
22.78,123
22.8,135
22.82,148
22.84,157
22.86,164
22.88,152
22.9,140
22.92,143
22.94,119
22.96,95
22.98,80
23,61
23.02,54
23.04,46
23.06,36
23.08,27
23.1,33
23.12,29
23.14,20
23.16,19
23.18,19
23.2,18
23.22,18
23.24,19
23.26,22
23.28,18
23.3,22
23.32,22
23.34,18
23.36,17
23.38,16
23.4,11
23.42,14
23.44,17
23.46,24
23.48,16
23.5,17
23.52,15
23.54,20
23.56,14
23.58,14
23.6,22
23.62,21
23.64,24
23.66,26
23.68,32
23.7,41
23.72,46
23.74,43
23.76,60
23.78,76
23.8,86
23.82,93
23.84,99
23.86,80
23.88,80
23.9,72
23.92,43
23.94,35
23.96,39
23.98,22
24,22
24.02,13
24.04,19
24.06,23
24.08,20
24.1,22
24.12,15
24.14,20
24.16,20
24.18,26
24.2,18
24.22,18
24.24,21
24.26,15
24.28,15
24.3,18
24.32,15
24.34,14
24.36,17
24.38,16
24.4,17
24.42,13
24.44,16
24.46,25
24.48,22
24.5,19
24.52,20
24.54,22
24.56,22
24.58,24
24.6,25
24.62,27
24.64,27
24.66,34
24.68,37
24.7,34
24.72,36
24.74,43
24.76,48
24.78,53
24.8,52
24.82,55
24.84,55
24.86,47
24.88,37
24.9,42
24.92,35
24.94,29
24.96,25
24.98,18
25,22
25.02,25
25.04,14
25.06,13
25.08,13
25.1,14
25.12,18
25.14,15
25.16,11
25.18,12
25.2,14
25.22,12
25.24,7
25.26,13
25.28,18
25.3,11
25.32,13
25.34,15
25.36,8
25.38,12
25.4,12
25.42,16
25.44,17
25.46,20
25.48,9
25.5,11
25.52,13
25.54,14
25.56,11
25.58,11
25.6,16
25.62,19
25.64,22
25.66,24
25.68,16
25.7,28
25.72,31
25.74,20
25.76,23
25.78,38
25.8,33
25.82,30
25.84,26
25.86,31
25.88,37
25.9,40
25.92,33
25.94,30
25.96,35
25.98,30
26,25
26.02,44
26.04,35
26.06,26
26.08,24
26.1,38
26.12,43
26.14,49
26.16,43
26.18,54
26.2,59
26.22,67
26.24,73
26.26,61
26.28,46
26.3,42
26.32,48
26.34,33
26.36,34
26.38,30
26.4,21
26.42,14
26.44,21
26.46,26
26.48,18
26.5,24
26.52,26
26.54,25
26.56,29
26.58,18
26.6,28
26.62,30
26.64,29
26.66,33
26.68,43
26.7,56
26.72,56
26.74,65
26.76,108
26.78,120
26.8,128
26.82,157
26.84,165
26.86,177
26.88,169
26.9,171
26.92,117
26.94,106
26.96,109
26.98,87
27,58
27.02,64
27.04,41
27.06,45
27.08,58
27.1,50
27.12,48
27.14,54
27.16,72
27.18,99
27.2,88
27.22,111
27.24,82
27.26,104
27.28,94
27.3,105
27.32,106
27.34,122
27.36,120
27.38,108
27.4,141
27.42,128
27.44,130
27.46,119
27.48,94
27.5,85
27.52,86
27.54,75
27.56,67
27.58,70
27.6,84
27.62,97
27.64,86
27.66,103
27.68,107
27.7,109
27.72,144
27.74,135
27.76,157
27.78,171
27.8,165
27.82,168
27.84,136
27.86,131
27.88,110
27.9,94
27.92,75
27.94,71
27.96,50
27.98,65
28,66
28.02,62
28.04,52
28.06,44
28.08,69
28.1,54
28.12,46
28.14,40
28.16,50
28.18,41
28.2,36
28.22,32
28.24,28
28.26,28
28.28,32
28.3,40
28.32,36
28.34,41
28.36,48
28.38,56
28.4,57
28.42,46
28.44,65
28.46,79
28.48,126
28.5,132
28.52,170
28.54,207
28.56,278
28.58,316
28.6,361
28.62,433
28.64,452
28.66,483
28.68,475
28.7,504
28.72,507
28.74,493
28.76,445
28.78,459
28.8,469
28.82,462
28.84,443
28.86,438
28.88,432
28.9,391
28.92,404
28.94,320
28.96,311
28.98,308
29,256
29.02,208
29.04,178
29.06,149
29.08,116
29.1,111
29.12,106
29.14,98
29.16,111
29.18,116
29.2,132
29.22,133
29.24,132
29.26,156
29.28,146
29.3,127
29.32,106
29.34,80
29.36,80
29.38,49
29.4,44
29.42,40
29.44,29
29.46,30
29.48,32
29.5,34
29.52,25
29.54,31
29.56,37
29.58,32
29.6,24
29.62,28
29.64,19
29.66,20
29.68,24
29.7,21
29.72,26
29.74,24
29.76,25
29.78,27
29.8,20
29.82,22
29.84,25
29.86,23
29.88,30
29.9,24
29.92,25
29.94,32
29.96,31
29.98,30
30,34
30.02,52
30.04,60
30.06,71
30.08,77
30.1,114
30.12,118
30.14,133
30.16,171
30.18,202
30.2,187
30.22,188
30.24,188
30.26,177
30.28,151
30.3,116
30.32,98
30.34,98
30.36,67
30.38,50
30.4,57
30.42,54
30.44,49
30.46,66
30.48,61
30.5,52
30.52,51
30.54,49
30.56,55
30.58,47
30.6,31
30.62,36
30.64,35
30.66,34
30.68,25
30.7,23
30.72,14
30.74,19
30.76,23
30.78,19
30.8,19
30.82,23
30.84,29
30.86,20
30.88,23
30.9,27
30.92,20
30.94,16
30.96,18
30.98,20
31,27
31.02,20
31.04,16
31.06,22
31.08,18
31.1,15
31.12,20
31.14,22
31.16,21
31.18,29
31.2,23
31.22,21
31.24,30
31.26,40
31.28,42
31.3,42
31.32,50
31.34,46
31.36,70
31.38,76
31.4,74
31.42,77
31.44,66
31.46,69
31.48,68
31.5,64
31.52,56
31.54,61
31.56,47
31.58,57
31.6,67
31.62,60
31.64,66
31.66,65
31.68,78
31.7,84
31.72,81
31.74,73
31.76,76
31.78,85
31.8,79
31.82,71
31.84,69
31.86,60
31.88,54
31.9,38
31.92,32
31.94,32
31.96,22
31.98,21
32,23
32.02,19
32.04,22
32.06,23
32.08,29
32.1,31
32.12,31
32.14,33
32.16,46
32.18,43
32.2,40
32.22,37
32.24,28
32.26,31
32.28,35
32.3,39
32.32,47
32.34,46
32.36,44
32.38,40
32.4,38
32.42,47
32.44,54
32.46,61
32.48,68
32.5,69
32.52,67
32.54,64
32.56,58
32.58,68
32.6,87
32.62,80
32.64,76
32.66,70
32.68,75
32.7,80
32.72,74
32.74,69
32.76,63
32.78,52
32.8,49
32.82,44
32.84,44
32.86,42
32.88,43
32.9,52
32.92,75
32.94,80
32.96,94
32.98,110
33,117
33.02,127
33.04,135
33.06,119
33.08,100
33.1,95
33.12,93
33.14,95
33.16,89
33.18,72
33.2,75
33.22,72
33.24,56
33.26,48
33.28,40
33.3,38
33.32,32
33.34,32
33.36,30
33.38,21
33.4,20
33.42,22
33.44,24
33.46,19
33.48,16
33.5,22
33.52,22
33.54,27
33.56,23
33.58,23
33.6,21
33.62,17
33.64,19
33.66,22
33.68,21
33.7,19
33.72,21
33.74,19
33.76,18
33.78,19
33.8,18
33.82,14
33.84,14
33.86,16
33.88,14
33.9,14
33.92,17
33.94,18
33.96,15
33.98,15
34,16
34.02,22
34.04,25
34.06,22
34.08,19
34.1,19
34.12,22
34.14,20
34.16,17
34.18,19
34.2,22
34.22,24
34.24,20
34.26,15
34.28,13
34.3,10
34.32,17
34.34,22
34.36,22
34.38,24
34.4,35
34.42,41
34.44,38
34.46,38
34.48,34
34.5,32
34.52,30
34.54,25
34.56,24
34.58,26
34.6,20
34.62,16
34.64,15
34.66,14
34.68,17
34.7,14
34.72,12
34.74,13
34.76,11
34.78,14
34.8,12
34.82,12
34.84,14
34.86,16
34.88,19
34.9,15
34.92,15
34.94,20
34.96,18
34.98,22
35,33
35.02,30
35.04,29
35.06,37
35.08,41
35.1,38
35.12,32
35.14,32
35.16,36
35.18,46
35.2,49
35.22,40
35.24,45
35.26,63
35.28,70
35.3,73
35.32,84
35.34,90
35.36,84
35.38,80
35.4,85
35.42,83
35.44,82
35.46,97
35.48,100
35.5,110
35.52,116
35.54,106
35.56,108
35.58,109
35.6,98
35.62,94
35.64,86
35.66,80
35.68,62
35.7,52
35.72,51
35.74,48
35.76,43
35.78,49
35.8,51
35.82,48
35.84,49
35.86,51
35.88,60
35.9,59
35.92,57
35.94,63
35.96,72
35.98,74
36,77
36.02,79
36.04,73
36.06,72
36.08,74
36.1,78
36.12,73
36.14,74
36.16,81
36.18,78
36.2,92
36.22,108
36.24,109
36.26,102
36.28,110
36.3,90
36.32,80
36.34,83
36.36,81
36.38,74
36.4,76
36.42,80
36.44,81
36.46,72
36.48,75
36.5,97
36.52,95
36.54,86
36.56,85
36.58,89
36.6,85
36.62,74
36.64,54
36.66,43
36.68,42
36.7,29
36.72,31
36.74,30
36.76,24
36.78,22
36.8,20
36.82,18
36.84,19
36.86,18
36.88,20
36.9,21
36.92,24
36.94,16
36.96,23
36.98,26
37,27
37.02,28
37.04,23
37.06,24
37.08,27
37.1,24
37.12,29
37.14,33
37.16,36
37.18,45
37.2,53
37.22,46
37.24,43
37.26,49
37.28,53
37.3,41
37.32,38
37.34,41
37.36,40
37.38,40
37.4,34
37.42,37
37.44,34
37.46,35
37.48,38
37.5,43
37.52,36
37.54,31
37.56,28
37.58,35
37.6,41
37.62,38
37.64,33
37.66,29
37.68,25
37.7,28
37.72,24
37.74,19
37.76,20
37.78,17
37.8,14
37.82,15
37.84,14
37.86,14
37.88,17
37.9,12
37.92,12
37.94,12
37.96,9
37.98,14
38,13
38.02,14
38.04,8
38.06,8
38.08,12
38.1,10
38.12,8
38.14,7
38.16,7
38.18,7
38.2,7
38.22,11
38.24,10
38.26,12
38.28,12
38.3,5
38.32,15
38.34,13
38.36,17
38.38,9
38.4,12
38.42,13
38.44,15
38.46,16
38.48,13
38.5,17
38.52,14
38.54,16
38.56,19
38.58,24
38.6,21
38.62,24
38.64,33
38.66,36
38.68,17
38.7,23
38.72,29
38.74,23
38.76,23
38.78,22
38.8,25
38.82,31
38.84,34
38.86,31
38.88,32
38.9,22
38.92,30
38.94,30
38.96,30
38.98,37
39,32
39.02,45
39.04,40
39.06,45
39.08,47
39.1,39
39.12,30
39.14,29
39.16,31
39.18,31
39.2,39
39.22,31
39.24,15
39.26,36
39.28,48
39.3,39
39.32,28
39.34,39
39.36,30
39.38,39
39.4,31
39.42,33
39.44,30
39.46,28
39.48,23
39.5,21
39.52,24
39.54,16
39.56,16
39.58,18
39.6,22
39.62,20
39.64,17
39.66,23
39.68,18
39.7,24
39.72,20
39.74,18
39.76,27
39.78,22
39.8,17
39.82,14
39.84,19
39.86,16
39.88,10
39.9,14
39.92,15
39.94,12
39.96,10
39.98,18
40,15
40.02,12
40.04,25
40.06,23
40.08,21
40.1,15
40.12,20
40.14,17
40.16,15
40.18,22
40.2,19
40.22,28
40.24,17
40.26,20
40.28,19
40.3,17
40.32,18
40.34,9
40.36,19
40.38,13
40.4,9
40.42,13
40.44,10
40.46,16
40.48,5
40.5,11
40.52,17
40.54,8
40.56,8
40.58,12
40.6,8
40.62,12
40.64,8
40.66,9
40.68,6
40.7,10
40.72,11
40.74,10
40.76,9
40.78,8
40.8,7
40.82,10
40.84,6
40.86,15
40.88,11
40.9,12
40.92,13
40.94,17
40.96,19
40.98,12
41,10
41.02,13
41.04,26
41.06,12
41.08,16
41.1,17
41.12,18
41.14,17
41.16,20
41.18,18
41.2,12
41.22,15
41.24,14
41.26,12
41.28,13
41.3,13
41.32,13
41.34,7
41.36,10
41.38,14
41.4,9
41.42,11
41.44,10
41.46,8
41.48,9
41.5,10
41.52,15
41.54,18
41.56,13
41.58,14
41.6,21
41.62,18
41.64,17
41.66,24
41.68,28
41.7,22
41.72,22
41.74,26
41.76,26
41.78,32
41.8,31
41.82,28
41.84,33
41.86,25
41.88,22
41.9,24
41.92,23
41.94,20
41.96,17
41.98,20
42,17
42.02,24
42.04,26
42.06,21
42.08,28
42.1,33
42.12,36
42.14,32
42.16,41
42.18,55
42.2,59
42.22,47
42.24,54
42.26,49
42.28,46
42.3,55
42.32,41
42.34,54
42.36,45
42.38,46
42.4,40
42.42,50
42.44,39
42.46,39
42.48,38
42.5,35
42.52,31
42.54,35
42.56,32
42.58,31
42.6,28
42.62,33
42.64,30
42.66,28
42.68,26
42.7,32
42.72,29
42.74,26
42.76,28
42.78,36
42.8,35
42.82,27
42.84,18
42.86,18
42.88,18
42.9,14
42.92,19
42.94,21
42.96,13
42.98,20
43,20
43.02,16
43.04,18
43.06,14
43.08,19
43.1,14
43.12,25
43.14,29
43.16,26
43.18,24
43.2,23
43.22,32
43.24,29
43.26,28
43.28,30
43.3,36
43.32,33
43.34,23
43.36,30
43.38,30
43.4,22
43.42,26
43.44,30
43.46,23
43.48,26
43.5,23
43.52,20
43.54,26
43.56,25
43.58,28
43.6,26
43.62,33
43.64,36
43.66,34
43.68,37
43.7,37
43.72,38
43.74,42
43.76,34
43.78,27
43.8,35
43.82,43
43.84,45
43.86,37
43.88,32
43.9,33
43.92,27
43.94,29
43.96,35
43.98,38
44,37
44.02,33
44.04,36
44.06,40
44.08,46
44.1,39
44.12,37
44.14,44
44.16,36
44.18,31
44.2,34
44.22,29
44.24,21
44.26,19
44.28,21
44.3,18
44.32,21
44.34,23
44.36,24
44.38,23
44.4,14
44.42,16
44.44,17
44.46,13
44.48,12
44.5,12
44.52,15
44.54,22
44.56,23
44.58,17
44.6,19
44.62,15
44.64,10
44.66,18
44.68,23
44.7,20
44.72,20
44.74,26
44.76,26
44.78,30
44.8,43
44.82,42
44.84,39
44.86,44
44.88,41
44.9,37
44.92,41
44.94,42
44.96,36
44.98,36
45,35
45.02,31
45.04,30
45.06,30
45.08,21
45.1,16
45.12,19
45.14,17
45.16,15
45.18,13
45.2,18
45.22,22
45.24,21
45.26,17
45.28,15
45.3,19
45.32,20
45.34,24
45.36,28
45.38,24
45.4,29
45.42,37
45.44,35
45.46,44
45.48,55
45.5,52
45.52,50
45.54,54
45.56,50
45.58,45
45.6,52
45.62,54
45.64,48
45.66,42
45.68,37
45.7,37
45.72,40
45.74,37
45.76,45
45.78,50
45.8,50
45.82,60
45.84,64
45.86,73
45.88,82
45.9,90
45.92,90
45.94,94
45.96,93
45.98,96
46,90
46.02,84
46.04,77
46.06,62
46.08,57
46.1,51
46.12,46
46.14,39
46.16,30
46.18,24
46.2,27
46.22,22
46.24,29
46.26,30
46.28,33
46.3,32
46.32,38
46.34,29
46.36,28
46.38,31
46.4,33
46.42,33
46.44,27
46.46,27
46.48,28
46.5,24
46.52,23
46.54,21
46.56,24
46.58,22
46.6,23
46.62,28
46.64,23
46.66,26
46.68,36
46.7,37
46.72,38
46.74,39
46.76,39
46.78,40
46.8,46
46.82,41
46.84,47
46.86,46
46.88,40
46.9,43
46.92,63
46.94,66
46.96,66
46.98,60
47,65
47.02,56
47.04,58
47.06,72
47.08,80
47.1,69
47.12,66
47.14,50
47.16,47
47.18,42
47.2,38
47.22,30
47.24,28
47.26,31
47.28,27
47.3,24
47.32,23
47.34,22
47.36,23
47.38,19
47.4,23
47.42,27
47.44,23
47.46,25
47.48,27
47.5,31
47.52,27
47.54,30
47.56,27
47.58,31
47.6,26
47.62,37
47.64,22
47.66,25
47.68,25
47.7,21
47.72,24
47.74,23
47.76,26
47.78,21
47.8,23
47.82,30
47.84,23
47.86,18
47.88,19
47.9,20
47.92,25
47.94,31
47.96,17
47.98,29
48,24
48.02,30
48.04,16
48.06,31
48.08,27
48.1,21
48.12,29
48.14,32
48.16,24
48.18,18
48.2,26
48.22,27
48.24,31
48.26,22
48.28,29
48.3,35
48.32,29
48.34,35
48.36,39
48.38,33
48.4,28
48.42,42
48.44,39
48.46,46
48.48,64
48.5,60
48.52,56
48.54,64
48.56,68
48.58,78
48.6,76
48.62,89
48.64,65
48.66,67
48.68,73
48.7,72
48.72,60
48.74,49
48.76,61
48.78,66
48.8,52
48.82,48
48.84,59
48.86,34
48.88,52
48.9,46
48.92,45
48.94,41
48.96,22
48.98,43
49,37
49.02,41
49.04,51
49.06,51
49.08,57
49.1,52
49.12,65
49.14,64
49.16,73
49.18,74
49.2,56
49.22,60
49.24,61
49.26,70
49.28,51
49.3,76
49.32,81
49.34,71
49.36,80
49.38,70
49.4,104
49.42,119
49.44,113
49.46,132
49.48,134
49.5,121
49.52,109
49.54,102
49.56,88
49.58,86
49.6,68
49.62,75
49.64,60
49.66,64
49.68,55
49.7,50
49.72,41
49.74,33
49.76,28
49.78,31
49.8,28
49.82,32
49.84,34
49.86,26
49.88,41
49.9,33
49.92,42
49.94,38
49.96,40
49.98,38
50,47
50.02,46
50.04,55
50.06,65
50.08,69
50.1,79
50.12,80
50.14,91
50.16,87
50.18,109
50.2,119
50.22,97
50.24,113
50.26,124
50.28,94
50.3,101
50.32,102
50.34,94
50.36,94
50.38,93
50.4,75
50.42,60
50.44,55
50.46,53
50.48,54
50.5,48
50.52,45
50.54,36
50.56,36
50.58,37
50.6,37
50.62,38
50.64,35
50.66,35
50.68,37
50.7,44
50.72,32
50.74,40
50.76,28
50.78,34
50.8,39
50.82,33
50.84,32
50.86,34
50.88,28
50.9,32
50.92,25
50.94,26
50.96,23
50.98,19
51,22
51.02,18
51.04,17
51.06,18
51.08,19
51.1,19
51.12,19
51.14,16
51.16,14
51.18,16
51.2,16
51.22,21
51.24,20
51.26,14
51.28,12
51.3,11
51.32,11
51.34,14
51.36,17
51.38,15
51.4,18
51.42,16
51.44,13
51.46,11
51.48,13
51.5,18
51.52,15
51.54,14
51.56,16
51.58,21
51.6,20
51.62,14
51.64,14
51.66,19
51.68,21
51.7,25
51.72,17
51.74,16
51.76,18
51.78,16
51.8,22
51.82,18
51.84,19
51.86,27
51.88,28
51.9,25
51.92,33
51.94,39
51.96,49
51.98,55
52,51
52.02,58
52.04,69
52.06,65
52.08,63
52.1,61
52.12,61
52.14,70
52.16,66
52.18,58
52.2,61
52.22,59
52.24,58
52.26,56
52.28,50
52.3,49
52.32,56
52.34,63
52.36,61
52.38,52
52.4,43
52.42,47
52.44,51
52.46,48
52.48,44
52.5,42
52.52,48
52.54,56
52.56,54
52.58,58
52.6,70
52.62,61
52.64,60
52.66,66
52.68,57
52.7,53
52.72,49
52.74,44
52.76,41
52.78,39
52.8,36
52.82,32
52.84,31
52.86,30
52.88,29
52.9,34
52.92,37
52.94,35
52.96,36
52.98,37
53,31
53.02,29
53.04,36
53.06,35
53.08,27
53.1,28
53.12,31
53.14,32
53.16,33
53.18,31
53.2,23
53.22,24
53.24,30
53.26,27
53.28,29
53.3,30
53.32,29
53.34,26
53.36,27
53.38,26
53.4,23
53.42,16
53.44,16
53.46,19
53.48,22
53.5,23
53.52,20
53.54,18
53.56,13
53.58,15
53.6,21
53.62,24
53.64,23
53.66,21
53.68,23
53.7,21
53.72,24
53.74,23
53.76,22
53.78,24
53.8,32
53.82,37
53.84,26
53.86,22
53.88,28
53.9,37
53.92,35
53.94,36
53.96,36
53.98,36
54,38
54.02,38
54.04,34
54.06,33
54.08,29
54.1,28
54.12,32
54.14,37
54.16,36
54.18,40
54.2,33
54.22,39
54.24,43
54.26,45
54.28,37
54.3,42
54.32,39
54.34,44
54.36,34
54.38,31
54.4,38
54.42,34
54.44,31
54.46,30
54.48,30
54.5,24
54.52,18
54.54,29
54.56,24
54.58,18
54.6,15
54.62,17
54.64,17
54.66,15
54.68,20
54.7,17
54.72,20
54.74,19
54.76,26
54.78,19
54.8,20
54.82,25
54.84,27
54.86,22
54.88,25
54.9,27
54.92,29
54.94,30
54.96,24
54.98,22
55,22
55.02,27
55.04,25
55.06,23
55.08,27
55.1,21
55.12,18
55.14,23
55.16,24
55.18,19
55.2,18
55.22,20
55.24,20
55.26,25
55.28,20
55.3,37
55.32,33
55.34,28
55.36,30
55.38,34
55.4,28
55.42,38
55.44,40
55.46,25
55.48,37
55.5,30
55.52,27
55.54,37
55.56,39
55.58,38
55.6,40
55.62,30
55.64,38
55.66,35
55.68,33
55.7,35
55.72,36
55.74,39
55.76,39
55.78,43
55.8,59
55.82,63
55.84,75
55.86,63
55.88,64
55.9,72
55.92,74
55.94,69
55.96,71
55.98,67
56,78
56.02,61
56.04,67
56.06,54
56.08,56
56.1,55
56.12,51
56.14,51
56.16,34
56.18,47
56.2,38
56.22,39
56.24,32
56.26,33
56.28,32
56.3,27
56.32,36
56.34,28
56.36,24
56.38,19
56.4,22
56.42,21
56.44,35
56.46,32
56.48,25
56.5,28
56.52,25
56.54,43
56.56,46
56.58,52
56.6,36
56.62,45
56.64,61
56.66,65
56.68,68
56.7,63
56.72,69
56.74,71
56.76,67
56.78,79
56.8,87
56.82,87
56.84,69
56.86,79
56.88,81
56.9,91
56.92,91
56.94,68
56.96,75
56.98,80
57,66
57.02,56
57.04,62
57.06,62
57.08,72
57.1,58
57.12,54
57.14,60
57.16,59
57.18,52
57.2,46
57.22,46
57.24,43
57.26,42
57.28,42
57.3,46
57.32,46
57.34,43
57.36,33
57.38,40
57.4,36
57.42,29
57.44,28
57.46,41
57.48,38
57.5,18
57.52,27
57.54,23
57.56,25
57.58,16
57.6,24
57.62,26
57.64,19
57.66,21
57.68,20
57.7,20
57.72,17
57.74,13
57.76,20
57.78,22
57.8,31
57.82,16
57.84,15
57.86,19
57.88,21
57.9,17
57.92,22
57.94,21
57.96,20
57.98,15
58,24
58.02,29
58.04,27
58.06,28
58.08,28
58.1,16
58.12,17
58.14,14
58.16,20
58.18,19
58.2,20
58.22,15
58.24,18
58.26,19
58.28,9
58.3,23
58.32,24
58.34,14
58.36,19
58.38,18
58.4,22
58.42,13
58.44,13
58.46,31
58.48,18
58.5,22
58.52,17
58.54,19
58.56,20
58.58,39
58.6,22
58.62,25
58.64,33
58.66,25
58.68,15
58.7,28
58.72,30
58.74,24
58.76,31
58.78,19
58.8,26
58.82,27
58.84,22
58.86,28
58.88,26
58.9,39
58.92,28
58.94,26
58.96,23
58.98,29
59,23
59.02,25
59.04,26
59.06,34
59.08,16
59.1,33
59.12,23
59.14,19
59.16,22
59.18,28
59.2,38
59.22,30
59.24,33
59.26,22
59.28,24
59.3,28
59.32,26
59.34,30
59.36,22
59.38,19
59.4,20
59.42,32
59.44,16
59.46,14
59.48,24
59.5,22
59.52,14
59.54,18
59.56,26
59.58,15
59.6,21
59.62,16
59.64,21
59.66,12
59.68,17
59.7,15
59.72,20
59.74,19
59.76,13
59.78,19
59.8,25
59.82,22
59.84,21
59.86,26
59.88,22
59.9,23
59.92,18
59.94,18
59.96,26
59.98,20
60,20

