2theta,Intensity
10,4
10.02,4
10.04,6.66667
10.06,8.66667
10.08,8
10.1,7.33333
10.12,6.66667
10.14,7.33333
10.16,6.66667
10.18,6.66667
10.2,4.66667
10.22,6
10.24,7.33333
10.26,5.33333
10.28,3.33333
10.3,4.66667
10.32,7.33333
10.34,6
10.36,4
10.38,6
10.4,6.66667
10.42,4.66667
10.44,4.66667
10.46,6
10.48,5.33333
10.5,6
10.52,5.33333
10.54,5.33333
10.56,6.66667
10.58,8
10.6,7.33333
10.62,7.33333
10.64,9.33333
10.66,10.6667
10.68,8.66667
10.7,5.33333
10.72,6
10.74,6
10.76,6.66667
10.78,8.66667
10.8,8.66667
10.82,7.33333
10.84,8
10.86,9.33333
10.88,8
10.9,5.33333
10.92,7.33333
10.94,6.66667
10.96,6.66667
10.98,9.33333
11,8
11.02,6.66667
11.04,6.66667
11.06,6
11.08,8
11.1,8
11.12,6
11.14,6
11.16,5.33333
11.18,4.66667
11.2,6
11.22,8
11.24,9.33333
11.26,8
11.28,6.66667
11.3,6
11.32,5.33333
11.34,5.33333
11.36,7.33333
11.38,8
11.4,8
11.42,8
11.44,6.66667
11.46,8.66667
11.48,8
11.5,5.33333
11.52,4.66667
11.54,5.33333
11.56,5.33333
11.58,6
11.6,6.66667
11.62,8
11.64,6.66667
11.66,6.66667
11.68,7.33333
11.7,8.66667
11.72,6.66667
11.74,8
11.76,8.66667
11.78,9.33333
11.8,5.33333
11.82,6
11.84,6
11.86,6.66667
11.88,8
11.9,8.66667
11.92,6.66667
11.94,5.33333
11.96,7.33333
11.98,6.66667
12,4
12.02,6.66667
12.04,8.66667
12.06,9.33333
12.08,8.66667
12.1,8.66667
12.12,8
12.14,10.6667
12.16,7.33333
12.18,8.66667
12.2,12.6667
12.22,8
12.24,6
12.26,10
12.28,12.6667
12.3,6.66667
12.32,8
12.34,10
12.36,8
12.38,8
12.4,8
12.42,8
12.44,10.6667
12.46,6
12.48,8.66667
12.5,8
12.52,8
12.54,6
12.56,7.33333
12.58,10.6667
12.6,11.3333
12.62,8.66667
12.64,11.3333
12.66,9.33333
12.68,10
12.7,8.66667
12.72,8.66667
12.74,11.3333
12.76,12
12.78,8.66667
12.8,11.3333
12.82,12.6667
12.84,8.66667
12.86,8.66667
12.88,9.33333
12.9,10.6667
12.92,10.6667
12.94,10
12.96,13.3333
12.98,14.6667
13,12
13.02,24
13.04,19.3333
13.06,26
13.08,25.3333
13.1,31.3333
13.12,29.3333
13.14,27.3333
13.16,22
13.18,24.6667
13.2,20
13.22,17.3333
13.24,12.6667
13.26,10
13.28,8
13.3,8.66667
13.32,8.66667
13.34,8.66667
13.36,8
13.38,10.6667
13.4,10.6667
13.42,8
13.44,8.66667
13.46,7.33333
13.48,12
13.5,8.66667
13.52,7.33333
13.54,9.33333
13.56,6.66667
13.58,5.33333
13.6,7.33333
13.62,9.33333
13.64,10
13.66,8.66667
13.68,7.33333
13.7,7.33333
13.72,6.66667
13.74,4.66667
13.76,5.33333
13.78,4
13.8,8.66667
13.82,10.6667
13.84,6.66667
13.86,7.33333
13.88,8
13.9,8.66667
13.92,7.33333
13.94,6
13.96,7.33333
13.98,7.33333
14,7.33333
14.02,6.66667
14.04,5.33333
14.06,8
14.08,6.66667
14.1,4.66667
14.12,4.66667
14.14,7.33333
14.16,4
14.18,6
14.2,7.33333
14.22,10.6667
14.24,5.33333
14.26,7.33333
14.28,6
14.3,6.66667
14.32,8.66667
14.34,9.33333
14.36,8
14.38,11.3333
14.4,5.33333
14.42,8
14.44,8
14.46,6
14.48,8.66667
14.5,8.66667
14.52,6
14.54,6
14.56,6.66667
14.58,4.66667
14.6,4
14.62,8
14.64,6.66667
14.66,5.33333
14.68,3.33333
14.7,10.6667
14.72,6
14.74,10
14.76,4.66667
14.78,8
14.8,6
14.82,8.66667
14.84,10
14.86,11.3333
14.88,4.66667
14.9,4.66667
14.92,5.33333
14.94,7.33333
14.96,6.66667
14.98,4.66667
15,7.33333
15.02,4.66667
15.04,10
15.06,8.66667
15.08,8
15.1,9.33333
15.12,7.33333
15.14,2
15.16,10
15.18,6
15.2,12
15.22,4.66667
15.24,6.66667
15.26,10.6667
15.28,5.33333
15.3,2.66667
15.32,9.33333
15.34,4.66667
15.36,9.33333
15.38,8.66667
15.4,10
15.42,6
15.44,9.33333
15.46,10
15.48,6.66667
15.5,8.66667
15.52,11.3333
15.54,6.66667
15.56,5.33333
15.58,10
15.6,8.66667
15.62,8
15.64,11.3333
15.66,12
15.68,8.66667
15.7,8
15.72,10
15.74,6
15.76,8.66667
15.78,8.66667
15.8,11.3333
15.82,11.3333
15.84,10
15.86,6
15.88,8.66667
15.9,13.3333
15.92,13.3333
15.94,12
15.96,10
15.98,12
16,14
16.02,8.66667
16.04,11.3333
16.06,8.66667
16.08,10.6667
16.1,8.66667
16.12,10
16.14,9.33333
16.16,12
16.18,12
16.2,12
16.22,10.6667
16.24,10
16.26,10.6667
16.28,13.3333
16.3,11.3333
16.32,13.3333
16.34,16
16.36,15.3333
16.38,10.6667
16.4,15.3333
16.42,15.3333
16.44,12.6667
16.46,15.3333
16.48,19.3333
16.5,17.3333
16.52,19.3333
16.54,16.6667
16.56,22
16.58,22
16.6,18
16.62,28.6667
16.64,40
16.66,37.3333
16.68,44
16.7,51.3333
16.72,62.6667
16.74,60
16.76,66
16.78,62
16.8,68.6667
16.82,50
16.84,46
16.86,25.3333
16.88,18.6667
16.9,16
16.92,17.3333
16.94,20
16.96,13.3333
16.98,16
17,13.3333
17.02,22.6667
17.04,16.6667
17.06,13.3333
17.08,15.3333
17.1,15.3333
17.12,15.3333
17.14,18.6667
17.16,18.6667
17.18,14.6667
17.2,22
17.22,19.3333
17.24,18
17.26,26
17.28,24
17.3,18.6667
17.32,19.3333
17.34,20.6667
17.36,22.6667
17.38,20
17.4,22
17.42,19.3333
17.44,14
17.46,18
17.48,25.3333
17.5,24
17.52,21.3333
17.54,20
17.56,22
17.58,24.6667
17.6,28.6667
17.62,30
17.64,34.6667
17.66,38.6667
17.68,43.3333
17.7,57.3333
17.72,65.3333
17.74,78
17.76,96
17.78,103.333
17.8,122
17.82,132.667
17.84,120.667
17.86,118.667
17.88,124.667
17.9,100
17.92,88
17.94,64.6667
17.96,45.3333
17.98,36
18,33.3333
18.02,27.3333
18.04,20
18.06,20
18.08,20.6667
18.1,16.6667
18.12,18.6667
18.14,15.3333
18.16,14
18.18,14
18.2,14
18.22,14.6667
18.24,14.6667
18.26,15.3333
18.28,11.3333
18.3,10.6667
18.32,10
18.34,12
18.36,12
18.38,15.3333
18.4,14.6667
18.42,15.3333
18.44,12.6667
18.46,10
18.48,11.3333
18.5,13.3333
18.52,15.3333
18.54,14
18.56,14
18.58,13.3333
18.6,18.6667
18.62,18
18.64,16
18.66,16.6667
18.68,15.3333
18.7,15.3333
18.72,19.3333
18.74,24
18.76,26
18.78,29.3333
18.8,37.3333
18.82,46
18.84,46.6667
18.86,63.3333
18.88,82.6667
18.9,102
18.92,124
18.94,145.333
18.96,160
18.98,181.333
19,190
19.02,202.667
19.04,215.333
19.06,190
19.08,163.333
19.1,130.667
19.12,89.3333
19.14,64.6667
19.16,55.3333
19.18,53.3333
19.2,50
19.22,57.3333
19.24,64
19.26,78
19.28,81.3333
19.3,87.3333
19.32,100.667
19.34,124.667
19.36,146.667
19.38,151.333
19.4,148.667
19.42,146
19.44,126.667
19.46,97.3333
19.48,80.6667
19.5,56.6667
19.52,39.3333
19.54,28
19.56,19.3333
19.58,21.3333
19.6,21.3333
19.62,20.6667
19.64,20.6667
19.66,16.6667
19.68,20.6667
19.7,19.3333
19.72,15.3333
19.74,15.3333
19.76,14
19.78,17.3333
19.8,16
19.82,16
19.84,16.6667
19.86,17.3333
19.88,14.6667
19.9,14
19.92,12
19.94,9.33333
19.96,12
19.98,14.6667
20,12
20.02,10.6667
20.04,12.6667
20.06,12.6667
20.08,13.3333
20.1,13.3333
20.12,12
20.14,14.6667
20.16,12.6667
20.18,11.3333
20.2,16
20.22,20.6667
20.24,25.3333
20.26,27.3333
20.28,24.6667
20.3,28
20.32,30
20.34,32
20.36,32.6667
20.38,29.3333
20.4,29.3333
20.42,25.3333
20.44,24.6667
20.46,20.6667
20.48,14
20.5,12
20.52,10
20.54,8.66667
20.56,10.6667
20.58,11.3333
20.6,12
20.62,11.3333
20.64,11.3333
20.66,12
20.68,12.6667
20.7,12
20.72,9.33333
20.74,10
20.76,9.33333
20.78,11.3333
20.8,14.6667
20.82,10.6667
20.84,9.33333
20.86,13.3333
20.88,16.6667
20.9,15.3333
20.92,13.3333
20.94,14
20.96,15.3333
20.98,14
21,13.3333
21.02,14
21.04,14
21.06,14.6667
21.08,18
21.1,22.6667
21.12,20.6667
21.14,21.3333
21.16,32
21.18,42
21.2,48
21.22,54
21.24,65.3333
21.26,93.3333
21.28,121.333
21.3,132
21.32,154.667
21.34,190
21.36,200.667
21.38,191.333
21.4,187.333
21.42,180
21.44,168.667
21.46,131.333
21.48,104
21.5,85.3333
21.52,56
21.54,29.3333
21.56,21.3333
21.58,21.3333
21.6,21.3333
21.62,16.6667
21.64,14.6667
21.66,12.6667
21.68,12
21.7,14.6667
21.72,16.6667
21.74,17.3333
21.76,15.3333
21.78,13.3333
21.8,14
21.82,16
21.84,12.6667
21.86,11.3333
21.88,14.6667
21.9,12.6667
21.92,13.3333
21.94,11.3333
21.96,8
21.98,9.33333
22,9.33333
22.02,10.6667
22.04,13.3333
22.06,12.6667
22.08,13.3333
22.1,12
22.12,14
22.14,15.3333
22.16,10.6667
22.18,10
22.2,9.33333
22.22,8.66667
22.24,9.33333
22.26,12
22.28,18.6667
22.3,17.3333
22.32,12
22.34,10.6667
22.36,6
22.38,8
22.4,9.33333
22.42,10.6667
22.44,10.6667
22.46,12
22.48,9.33333
22.5,9.33333
22.52,9.33333
22.54,12
22.56,11.3333
22.58,12
22.6,7.33333
22.62,10
22.64,9.33333
22.66,6.66667
22.68,10
22.7,14
22.72,12
22.74,8.66667
22.76,6.66667
22.78,10
22.8,12.6667
22.82,7.33333
22.84,9.33333
22.86,8.66667
22.88,6.66667
22.9,8
22.92,9.33333
22.94,4
22.96,5.33333
22.98,10
23,10.6667
23.02,10.6667
23.04,9.33333
23.06,10
23.08,10
23.1,8
23.12,10
23.14,11.3333
23.16,11.3333
23.18,8.66667
23.2,9.33333
23.22,10
23.24,9.33333
23.26,8.66667
23.28,6
23.3,8
23.32,10.6667
23.34,6
23.36,8
23.38,9.33333
23.4,9.33333
23.42,12
23.44,11.3333
23.46,7.33333
23.48,8
23.5,11.3333
23.52,9.33333
23.54,10
23.56,11.3333
23.58,6
23.6,5.33333
23.62,10
23.64,8.66667
23.66,5.33333
23.68,10.6667
23.7,12
23.72,6.66667
23.74,6.66667
23.76,9.33333
23.78,11.3333
23.8,11.3333
23.82,13.3333
23.84,9.33333
23.86,8
23.88,11.3333
23.9,8.66667
23.92,10.6667
23.94,13.3333
23.96,6.66667
23.98,7.33333
24,8.66667
24.02,13.3333
24.04,10
24.06,12
24.08,13.3333
24.1,10
24.12,12.6667
24.14,14
24.16,13.3333
24.18,13.3333
24.2,13.3333
24.22,18
24.24,17.3333
24.26,19.3333
24.28,18
24.3,19.3333
24.32,28.6667
24.34,35.3333
24.36,31.3333
24.38,32.6667
24.4,34
24.42,49.3333
24.44,58
24.46,89.3333
24.48,94
24.5,128
24.52,183.333
24.54,215.333
24.56,262.667
24.58,338.667
24.6,335.333
24.62,358
24.64,343.333
24.66,335.333
24.68,274.667
24.7,246.667
24.72,186
24.74,142.667
24.76,100.667
24.78,77.3333
24.8,44
24.82,32.6667
24.84,30.6667
24.86,36.6667
24.88,31.3333
24.9,25.3333
24.92,25.3333
24.94,26
24.96,19.3333
24.98,20
25,16.6667
25.02,13.3333
25.04,12
25.06,18
25.08,16
25.1,19.3333
25.12,14
25.14,17.3333
25.16,9.33333
25.18,12
25.2,14.6667
25.22,19.3333
25.24,15.3333
25.26,14
25.28,9.33333
25.3,10
25.32,16
25.34,13.3333
25.36,10.6667
25.38,16
25.4,10
25.42,12
25.44,10.6667
25.46,13.3333
25.48,13.3333
25.5,10
25.52,10.6667
25.54,16.6667
25.56,15.3333
25.58,12.6667
25.6,21.3333
25.62,10
25.64,16
25.66,24
25.68,30
25.7,28
25.72,36.6667
25.74,39.3333
25.76,48.6667
25.78,52.6667
25.8,52.6667
25.82,46
25.84,43.3333
25.86,41.3333
25.88,30.6667
25.9,30
25.92,17.3333
25.94,18
25.96,15.3333
25.98,12.6667
26,10.6667
26.02,15.3333
26.04,10
26.06,15.3333
26.08,10.6667
26.1,14
26.12,13.3333
26.14,13.3333
26.16,13.3333
26.18,16.6667
26.2,20
26.22,11.3333
26.24,14
26.26,16.6667
26.28,21.3333
26.3,22.6667
26.32,23.3333
26.34,20
26.36,26
26.38,41.3333
26.4,45.3333
26.42,76
26.44,86.6667
26.46,92
26.48,110.667
26.5,120
26.52,140.667
26.54,141.333
26.56,134
26.58,125.333
26.6,101.333
26.62,75.3333
26.64,59.3333
26.66,40.6667
26.68,34.6667
26.7,28.6667
26.72,19.3333
26.74,18
26.76,12.6667
26.78,18
26.8,14.6667
26.82,12
26.84,6.66667
26.86,13.3333
26.88,10.6667
26.9,14.6667
26.92,10
26.94,16
26.96,13.3333
26.98,19.3333
27,14.6667
27.02,13.3333
27.04,15.3333
27.06,12
27.08,16
27.1,13.3333
27.12,17.3333
27.14,23.3333
27.16,19.3333
27.18,26.6667
27.2,21.3333
27.22,30
27.24,39.3333
27.26,47.3333
27.28,68.6667
27.3,55.3333
27.32,70
27.34,74
27.36,71.3333
27.38,58
27.4,50.6667
27.42,53.3333
27.44,34.6667
27.46,24.6667
27.48,24
27.5,20.6667
27.52,21.3333
27.54,16.6667
27.56,17.3333
27.58,8
27.6,13.3333
27.62,11.3333
27.64,12.6667
27.66,12.6667
27.68,8.66667
27.7,14
27.72,9.33333
27.74,8.66667
27.76,14.6667
27.78,8
27.8,9.33333
27.82,12.6667
27.84,11.3333
27.86,14
27.88,4.66667
27.9,10
27.92,9.33333
27.94,9.33333
27.96,8.66667
27.98,12.6667
28,10
28.02,12
28.04,6.66667
28.06,9.33333
28.08,12
28.1,6.66667
28.12,10.6667
28.14,10
28.16,14
28.18,12.6667
28.2,7.33333
28.22,13.3333
28.24,11.3333
28.26,10.6667
28.28,9.33333
28.3,3.33333
28.32,11.3333
28.34,10.6667
28.36,11.3333
28.38,10.6667
28.4,9.33333
28.42,9.33333
28.44,10.6667
28.46,13.3333
28.48,8.66667
28.5,10.6667
28.52,12
28.54,10
28.56,14
28.58,8.66667
28.6,14.6667
28.62,14
28.64,14
28.66,13.3333
28.68,15.3333
28.7,20
28.72,24
28.74,19.3333
28.76,22.6667
28.78,20.6667
28.8,20
28.82,13.3333
28.84,16
28.86,15.3333
28.88,10
28.9,14.6667
28.92,12
28.94,9.33333
28.96,12.6667
28.98,13.3333
29,15.3333
29.02,14
29.04,10
29.06,14.6667
29.08,14.6667
29.1,14.6667
29.12,18.6667
29.14,18
29.16,24
29.18,34
29.2,38
29.22,48.6667
29.24,56
29.26,85.3333
29.28,78
29.3,84.6667
29.32,113.333
29.34,90
29.36,99.3333
29.38,75.3333
29.4,53.3333
29.42,58.6667
29.44,47.3333
29.46,34.6667
29.48,24
29.5,17.3333
29.52,16.6667
29.54,14
29.56,12
29.58,16
29.6,12
29.62,14.6667
29.64,13.3333
29.66,10.6667
29.68,10.6667
29.7,10
29.72,8
29.74,14
29.76,14
29.78,12
29.8,10.6667
29.82,9.33333
29.84,8.66667
29.86,6.66667
29.88,6.66667
29.9,9.33333
29.92,8.66667
29.94,10
29.96,6
29.98,11.3333
30,9.33333
30.02,9.33333
30.04,8
30.06,9.33333
30.08,10.6667
30.1,6.66667
30.12,7.33333
30.14,7.33333
30.16,8.66667
30.18,8.66667
30.2,14
30.22,10
30.24,10
30.26,10.6667
30.28,8.66667
30.3,9.33333
30.32,10
30.34,6.66667
30.36,12
30.38,11.3333
30.4,10.6667
30.42,10
30.44,6.66667
30.46,8.66667
30.48,5.33333
30.5,7.33333
30.52,10
30.54,7.33333
30.56,8.66667
30.58,8
30.6,8.66667
30.62,8
30.64,9.33333
30.66,10
30.68,9.33333
30.7,8.66667
30.72,9.33333
30.74,10
30.76,9.33333
30.78,6
30.8,8
30.82,7.33333
30.84,5.33333
30.86,7.33333
30.88,8
30.9,8
30.92,6.66667
30.94,11.3333
30.96,12.6667
30.98,6.66667
31,10
31.02,10.6667
31.04,11.3333
31.06,10
31.08,8
31.1,9.33333
31.12,10
31.14,9.33333
31.16,4.66667
31.18,10
31.2,10
31.22,8
31.24,6.66667
31.26,10.6667
31.28,11.3333
31.3,13.3333
31.32,14.6667
31.34,16.6667
31.36,18
31.38,14
31.4,16.6667
31.42,17.3333
31.44,20
31.46,30.6667
31.48,38
31.5,33.3333
31.52,40
31.54,49.3333
31.56,57.3333
31.58,52
31.6,62
31.62,66
31.64,64.6667
31.66,54
31.68,50
31.7,44
31.72,40
31.74,44.6667
31.76,52
31.78,55.3333
31.8,74
31.82,86.6667
31.84,122
31.86,161.333
31.88,211.333
31.9,278
31.92,327.333
31.94,390.667
31.96,425.333
31.98,437.333
32,408
32.02,372
32.04,306
32.06,256
32.08,208
32.1,151.333
32.12,118
32.14,80.6667
32.16,50.6667
32.18,38.6667
32.2,31.3333
32.22,26.6667
32.24,24.6667
32.26,21.3333
32.28,28
32.3,23.3333
32.32,18.6667
32.34,13.3333
32.36,15.3333
32.38,16
32.4,15.3333
32.42,14.6667
32.44,14.6667
32.46,13.3333
32.48,10.6667
32.5,10.6667
32.52,12.6667
32.54,10.6667
32.56,11.3333
32.58,14.6667
32.6,12.6667
32.62,11.3333
32.64,12.6667
32.66,10.6667
32.68,10
32.7,9.33333
32.72,8
32.74,6.66667
32.76,7.33333
32.78,12
32.8,15.3333
32.82,9.33333
32.84,7.33333
32.86,12.6667
32.88,16
32.9,12.6667
32.92,12
32.94,11.3333
32.96,11.3333
32.98,12.6667
33,8
33.02,8.66667
33.04,9.33333
33.06,9.33333
33.08,10
33.1,11.3333
33.12,10.6667
33.14,13.3333
33.16,11.3333
33.18,8
33.2,8.66667
33.22,8.66667
33.24,9.33333
33.26,11.3333
33.28,15.3333
33.3,17.3333
33.32,21.3333
33.34,22
33.36,22
33.38,20.6667
33.4,26.6667
33.42,40
33.44,49.3333
33.46,62.6667
33.48,64.6667
33.5,59.3333
33.52,56
33.54,56
33.56,50.6667
33.58,48
33.6,39.3333
33.62,28.6667
33.64,26.6667
33.66,28.6667
33.68,25.3333
33.7,18
33.72,16
33.74,15.3333
33.76,15.3333
33.78,18.6667
33.8,27.3333
33.82,30.6667
33.84,35.3333
33.86,41.3333
33.88,53.3333
33.9,70.6667
33.92,92
33.94,112
33.96,132
33.98,160
34,183.333
34.02,189.333
34.04,180.667
34.06,162
34.08,144.667
34.1,122
34.12,100
34.14,85.3333
34.16,74.6667
34.18,70
34.2,62.6667
34.22,57.3333
34.24,52.6667
34.26,50.6667
34.28,56.6667
34.3,57.3333
34.32,52
34.34,55.3333
34.36,52
34.38,57.3333
34.4,82.6667
34.42,98
34.44,116
34.46,148
34.48,196.667
34.5,279.333
34.52,366
34.54,458
34.56,541.333
34.58,554.667
34.6,540.667
34.62,538
34.64,520.667
34.66,450
34.68,366
34.7,306.667
34.72,235.333
34.74,167.333
34.76,120
34.78,83.3333
34.8,59.3333
34.82,48.6667
34.84,52.6667
34.86,50.6667
34.88,38
34.9,39.3333
34.92,38.6667
34.94,32.6667
34.96,38
34.98,40.6667
35,39.3333
35.02,44.6667
35.04,52
35.06,63.3333
35.08,78.6667
35.1,104
35.12,141.333
35.14,186.667
35.16,243.333
35.18,306
35.2,356
35.22,393.333
35.24,408
35.26,394.667
35.28,383.333
35.3,331.333
35.32,286
35.34,245.333
35.36,191.333
35.38,156.667
35.4,111.333
35.42,66.6667
35.44,52.6667
35.46,44.6667
35.48,36.6667
35.5,30
35.52,25.3333
35.54,27.3333
35.56,23.3333
35.58,23.3333
35.6,22
35.62,18
35.64,18
35.66,20
35.68,20.6667
35.7,20
35.72,16
35.74,16
35.76,16.6667
35.78,21.3333
35.8,25.3333
35.82,22.6667
35.84,23.3333
35.86,25.3333
35.88,24.6667
35.9,23.3333
35.92,22.6667
35.94,20.6667
35.96,15.3333
35.98,15.3333
36,20.6667
36.02,19.3333
36.04,16
36.06,16
36.08,15.3333
36.1,18
36.12,22.6667
36.14,24
36.16,30
36.18,36.6667
36.2,51.3333
36.22,66.6667
36.24,72.6667
36.26,83.3333
36.28,85.3333
36.3,76
36.32,78.6667
36.34,60.6667
36.36,52
36.38,48.6667
36.4,34
36.42,32
36.44,22
36.46,16
36.48,12.6667
36.5,14
36.52,13.3333
36.54,16
36.56,15.3333
36.58,12.6667
36.6,15.3333
36.62,19.3333
36.64,18.6667
36.66,14.6667
36.68,13.3333
36.7,14.6667
36.72,12.6667
36.74,12
36.76,10.6667
36.78,8
36.8,7.33333
36.82,9.33333
36.84,7.33333
36.86,7.33333
36.88,10
36.9,6.66667
36.92,5.33333
36.94,7.33333
36.96,8
36.98,4.66667
37,6.66667
37.02,6
37.04,7.33333
37.06,8.66667
37.08,8
37.1,6
37.12,8
37.14,8.66667
37.16,9.33333
37.18,7.33333
37.2,6
37.22,3.33333
37.24,7.33333
37.26,6.66667
37.28,3.33333
37.3,5.33333
37.32,5.33333
37.34,7.33333
37.36,7.33333
37.38,7.33333
37.4,7.33333
37.42,5.33333
37.44,6.66667
37.46,8
37.48,6.66667
37.5,6.66667
37.52,8.66667
37.54,8.66667
37.56,10
37.58,12
37.6,14
37.62,16.6667
37.64,22
37.66,22.6667
37.68,27.3333
37.7,31.3333
37.72,23.3333
37.74,25.3333
37.76,28.6667
37.78,26
37.8,22
37.82,18
37.84,10
37.86,8
37.88,9.33333
37.9,8.66667
37.92,9.33333
37.94,6.66667
37.96,4.66667
37.98,8
38,6
38.02,7.33333
38.04,6.66667
38.06,3.33333
38.08,5.33333
38.1,10
38.12,7.33333
38.14,7.33333
38.16,11.3333
38.18,4.66667
38.2,5.33333
38.22,5.33333
38.24,7.33333
38.26,9.33333
38.28,6
38.3,8
38.32,6.66667
38.34,8
38.36,7.33333
38.38,6.66667
38.4,5.33333
38.42,6
38.44,9.33333
38.46,6
38.48,9.33333
38.5,10.6667
38.52,14
38.54,20
38.56,13.3333
38.58,18.6667
38.6,32
38.62,38.6667
38.64,62.6667
38.66,66.6667
38.68,67.3333
38.7,88.6667
38.72,84.6667
38.74,90.6667
38.76,90
38.78,72.6667
38.8,66.6667
38.82,62
38.84,44.6667
38.86,30
38.88,24.6667
38.9,12.6667
38.92,18
38.94,11.3333
38.96,12
38.98,11.3333
39,10.6667
39.02,9.33333
39.04,9.33333
39.06,15.3333
39.08,10.6667
39.1,11.3333
39.12,12.6667
39.14,6.66667
39.16,10.6667
39.18,12.6667
39.2,11.3333
39.22,9.33333
39.24,8.66667
39.26,6
39.28,7.33333
39.3,9.33333
39.32,10
39.34,7.33333
39.36,10.6667
39.38,14
39.4,12
39.42,20
39.44,25.3333
39.46,26.6667
39.48,24.6667
39.5,27.3333
39.52,21.3333
39.54,24
39.56,20.6667
39.58,22
39.6,19.3333
39.62,23.3333
39.64,14.6667
39.66,10.6667
39.68,6.66667
39.7,8
39.72,6.66667
39.74,13.3333
39.76,6.66667
39.78,6
39.8,10.6667
39.82,6.66667
39.84,10
39.86,8
39.88,8
39.9,6
39.92,8.66667
39.94,11.3333
39.96,8.66667
39.98,11.3333
40,11.3333
40.02,11.3333
40.04,8
40.06,14
40.08,7.33333
40.1,12
40.12,12
40.14,8.66667
40.16,11.3333
40.18,6
40.2,9.33333
40.22,11.3333
40.24,12
40.26,8
40.28,5.33333
40.3,4.66667
40.32,4.66667
40.34,4.66667
40.36,10
40.38,7.33333
40.4,12.6667
40.42,13.3333
40.44,10.6667
40.46,18
40.48,20.6667
40.5,18
40.52,34.6667
40.54,35.3333
40.56,39.3333
40.58,38
40.6,30
40.62,32
40.64,27.3333
40.66,32
40.68,24
40.7,18.6667
40.72,21.3333
40.74,14.6667
40.76,12.6667
40.78,16
40.8,12
40.82,8.66667
40.84,10.6667
40.86,7.33333
40.88,11.3333
40.9,8.66667
40.92,8
40.94,10
40.96,4.66667
40.98,4.66667
41,6
41.02,9.33333
41.04,9.33333
41.06,6
41.08,5.33333
41.1,8.66667
41.12,8.66667
41.14,9.33333
41.16,8
41.18,12
41.2,6.66667
41.22,7.33333
41.24,8.66667
41.26,8
41.28,8.66667
41.3,13.3333
41.32,9.33333
41.34,10.6667
41.36,17.3333
41.38,18.6667
41.4,22
41.42,20.6667
41.44,34.6667
41.46,32
41.48,36.6667
41.5,39.3333
41.52,44
41.54,36
41.56,37.3333
41.58,34
41.6,33.3333
41.62,27.3333
41.64,22
41.66,26
41.68,26.6667
41.7,28.6667
41.72,34
41.74,34.6667
41.76,24.6667
41.78,28
41.8,32.6667
41.82,35.3333
41.84,40
41.86,32
41.88,28.6667
41.9,26.6667
41.92,22.6667
41.94,23.3333
41.96,14
41.98,9.33333
42,9.33333
42.02,14.6667
42.04,10
42.06,11.3333
42.08,10
42.1,10.6667
42.12,9.33333
42.14,9.33333
42.16,7.33333
42.18,4.66667
42.2,4
42.22,4.66667
42.24,5.33333
42.26,4
42.28,8
42.3,5.33333
42.32,6
42.34,4.66667
42.36,3.33333
42.38,3.33333
42.4,2.66667
42.42,6.66667
42.44,6
42.46,5.33333
42.48,5.33333
42.5,6
42.52,4
42.54,4.66667
42.56,8
42.58,7.33333
42.6,6
42.62,8
42.64,9.33333
42.66,6
42.68,6
42.7,4
42.72,8
42.74,4
42.76,2.66667
42.78,4.66667
42.8,5.33333
42.82,4.66667
42.84,7.33333
42.86,7.33333
42.88,5.33333
42.9,3.33333
42.92,5.33333
42.94,6
42.96,4.66667
42.98,5.33333
43,4.66667
43.02,6.66667
43.04,6.66667
43.06,7.33333
43.08,6.66667
43.1,3.33333
43.12,5.33333
43.14,4
43.16,5.33333
43.18,5.33333
43.2,6.66667
43.22,6.66667
43.24,5.33333
43.26,3.33333
43.28,3.33333
43.3,5.33333
43.32,5.33333
43.34,7.33333
43.36,5.33333
43.38,8
43.4,8.66667
43.42,6
43.44,6
43.46,4.66667
43.48,8.66667
43.5,10
43.52,11.3333
43.54,18
43.56,16
43.58,14.6667
43.6,21.3333
43.62,21.3333
43.64,24
43.66,32
43.68,31.3333
43.7,27.3333
43.72,27.3333
43.74,30
43.76,36.6667
43.78,36
43.8,29.3333
43.82,32
43.84,40.6667
43.86,53.3333
43.88,80
43.9,96
43.92,110.667
43.94,130
43.96,150
43.98,152.667
44,154
44.02,146.667
44.04,136
44.06,112
44.08,106
44.1,96
44.12,77.3333
44.14,56.6667
44.16,46
44.18,32
44.2,23.3333
44.22,22
44.24,16
44.26,15.3333
44.28,10
44.3,7.33333
44.32,10
44.34,9.33333
44.36,10
44.38,8.66667
44.4,8.66667
44.42,9.33333
44.44,6.66667
44.46,4.66667
44.48,6
44.5,6.66667
44.52,8
44.54,9.33333
44.56,8.66667
44.58,6.66667
44.6,8.66667
44.62,8.66667
44.64,8
44.66,8
44.68,7.33333
44.7,6
44.72,6
44.74,6.66667
44.76,6
44.78,5.33333
44.8,5.33333
44.82,6
44.84,6.66667
44.86,10
44.88,11.3333
44.9,9.33333
44.92,8
44.94,6.66667
44.96,6.66667
44.98,7.33333
45,11.3333
45.02,16
45.04,18
45.06,19.3333
45.08,20.6667
45.1,24.6667
45.12,22
45.14,20
45.16,20.6667
45.18,18
45.2,16.6667
45.22,16
45.24,18
45.26,16
45.28,10
45.3,12
45.32,12
45.34,6.66667
45.36,8
45.38,10
45.4,7.33333
45.42,8
45.44,13.3333
45.46,13.3333
45.48,13.3333
45.5,14.6667
45.52,13.3333
45.54,14.6667
45.56,16
45.58,14.6667
45.6,13.3333
45.62,15.3333
45.64,16.6667
45.66,15.3333
45.68,14
45.7,8.66667
45.72,10.6667
45.74,15.3333
45.76,12.6667
45.78,11.3333
45.8,14
45.82,17.3333
45.84,17.3333
45.86,14.6667
45.88,12.6667
45.9,11.3333
45.92,12
45.94,8
45.96,10.6667
45.98,11.3333
46,8
46.02,10.6667
46.04,8
46.06,4.66667
46.08,5.33333
46.1,6.66667
46.12,6
46.14,5.33333
46.16,5.33333
46.18,6.66667
46.2,6.66667
46.22,6
46.24,8
46.26,8.66667
46.28,8
46.3,8.66667
46.32,8.66667
46.34,8
46.36,8.66667
46.38,7.33333
46.4,8
46.42,12
46.44,16
46.46,19.3333
46.48,20
46.5,20
46.52,22
46.54,26.6667
46.56,25.3333
46.58,28
46.6,17.3333
46.62,18
46.64,18
46.66,14
46.68,15.3333
46.7,12.6667
46.72,8.66667
46.74,7.33333
46.76,6.66667
46.78,8.66667
46.8,6
46.82,4.66667
46.84,5.33333
46.86,4.66667
46.88,4.66667
46.9,6
46.92,6
46.94,4
46.96,2
46.98,3.33333
47,5.33333
47.02,4.66667
47.04,6.66667
47.06,8.66667
47.08,4.66667
47.1,5.33333
47.12,6
47.14,4
47.16,6.66667
47.18,6.66667
47.2,6
47.22,5.33333
47.24,4.66667
47.26,5.33333
47.28,6
47.3,12
47.32,10.6667
47.34,8.66667
47.36,8.66667
47.38,6.66667
47.4,8
47.42,9.33333
47.44,11.3333
47.46,8.66667
47.48,9.33333
47.5,10.6667
47.52,9.33333
47.54,7.33333
47.56,6
47.58,4
47.6,4.66667
47.62,5.33333
47.64,4
47.66,4.66667
47.68,4.66667
47.7,6
47.72,6.66667
47.74,5.33333
47.76,8.66667
47.78,8.66667
47.8,4.66667
47.82,3.33333
47.84,3.33333
47.86,2
47.88,4
47.9,4
47.92,6.66667
47.94,4.66667
47.96,4.66667
47.98,6.66667
48,2.66667
48.02,4.66667
48.04,4
48.06,3.33333
48.08,4.66667
48.1,6.66667
48.12,4.66667
48.14,2
48.16,4
48.18,6
48.2,3.33333
48.22,8.66667
48.24,9.33333
48.26,3.33333
48.28,6.66667
48.3,3.33333
48.32,3.33333
48.34,8
48.36,8
48.38,11.3333
48.4,11.3333
48.42,14
48.44,10.6667
48.46,19.3333
48.48,23.3333
48.5,27.3333
48.52,26
48.54,31.3333
48.56,27.3333
48.58,19.3333
48.6,25.3333
48.62,22
48.64,17.3333
48.66,20
48.68,21.3333
48.7,16
48.72,10.6667
48.74,12
48.76,10.6667
48.78,11.3333
48.8,8.66667
48.82,8
48.84,5.33333
48.86,10
48.88,10.6667
48.9,12
48.92,7.33333
48.94,16
48.96,10
48.98,10
49,11.3333
49.02,15.3333
49.04,16
49.06,19.3333
49.08,20
49.1,28.6667
49.12,26
49.14,38.6667
49.16,44.6667
49.18,57.3333
49.2,54
49.22,56
49.24,61.3333
49.26,85.3333
49.28,77.3333
49.3,104.667
49.32,106
49.34,114.667
49.36,106.667
49.38,112
49.4,93.3333
49.42,79.3333
49.44,94.6667
49.46,80.6667
49.48,64.6667
49.5,61.3333
49.52,44.6667
49.54,36
49.56,26
49.58,24
49.6,19.3333
49.62,15.3333
49.64,12
49.66,14.6667
49.68,9.33333
49.7,8.66667
49.72,8
49.74,8.66667
49.76,8.66667
49.78,10.6667
49.8,11.3333
49.82,6
49.84,9.33333
49.86,7.33333
49.88,15.3333
49.9,11.3333
49.92,10.6667
49.94,14
49.96,10.6667
49.98,13.3333
50,16.6667
50.02,19.3333
50.04,14
50.06,16
50.08,15.3333
50.1,12.6667
50.12,14
50.14,22
50.16,17.3333
50.18,14.6667
50.2,23.3333
50.22,25.3333
50.24,30.6667
50.26,26.6667
50.28,25.3333
50.3,27.3333
50.32,26
50.34,21.3333
50.36,28.6667
50.38,21.3333
50.4,18
50.42,19.3333
50.44,22
50.46,25.3333
50.48,29.3333
50.5,30
50.52,41.3333
50.54,57.3333
50.56,66.6667
50.58,84
50.6,103.333
50.62,107.333
50.64,106
50.66,110
50.68,99.3333
50.7,98.6667
50.72,90.6667
50.74,76.6667
50.76,74.6667
50.78,69.3333
50.8,67.3333
50.82,48
50.84,38.6667
50.86,36
50.88,26.6667
50.9,22
50.92,34.6667
50.94,25.3333
50.96,20
50.98,19.3333
51,18.6667
51.02,16
51.04,14.6667
51.06,14
51.08,12.6667
51.1,15.3333
51.12,10.6667
51.14,10.6667
51.16,8.66667
51.18,9.33333
51.2,8
51.22,6
51.24,6
51.26,6.66667
51.28,6.66667
51.3,4
51.32,4
51.34,5.33333
51.36,7.33333
51.38,6
51.4,6
51.42,8.66667
51.44,4.66667
51.46,4.66667
51.48,6.66667
51.5,5.33333
51.52,6.66667
51.54,8.66667
51.56,8.66667
51.58,6
51.6,6
51.62,5.33333
51.64,5.33333
51.66,6
51.68,8.66667
51.7,9.33333
51.72,10
51.74,8
51.76,7.33333
51.78,8.66667
51.8,5.33333
51.82,6.66667
51.84,7.33333
51.86,4.66667
51.88,7.33333
51.9,8
51.92,7.33333
51.94,6
51.96,6
51.98,8.66667
52,10.6667
52.02,14.6667
52.04,22.6667
52.06,26.6667
52.08,23.3333
52.1,20
52.12,20.6667
52.14,18
52.16,17.3333
52.18,18
52.2,13.3333
52.22,13.3333
52.24,16.6667
52.26,16
52.28,16
52.3,14.6667
52.32,11.3333
52.34,8.66667
52.36,8
52.38,7.33333
52.4,8.66667
52.42,7.33333
52.44,6.66667
52.46,8
52.48,8.66667
52.5,8.66667
52.52,8
52.54,6.66667
52.56,4.66667
52.58,6
52.6,6.66667
52.62,6
52.64,8
52.66,8.66667
52.68,5.33333
52.7,7.33333
52.72,10
52.74,8.66667
52.76,10
52.78,10
52.8,6.66667
52.82,8.66667
52.84,9.33333
52.86,8
52.88,8.66667
52.9,10
52.92,8
52.94,7.33333
52.96,9.33333
52.98,9.33333
53,8
53.02,12
53.04,14.6667
53.06,13.3333
53.08,16
53.1,20.6667
53.12,21.3333
53.14,22
53.16,22
53.18,16.6667
53.2,18.6667
53.22,19.3333
53.24,16.6667
53.26,22
53.28,22
53.3,19.3333
53.32,20
53.34,21.3333
53.36,22
53.38,20
53.4,17.3333
53.42,20
53.44,23.3333
53.46,22
53.48,25.3333
53.5,25.3333
53.52,34.6667
53.54,34.6667
53.56,26
53.58,28.6667
53.6,32
53.62,33.3333
53.64,42
53.66,50
53.68,64.6667
53.7,83.3333
53.72,104.667
53.74,126
53.76,159.333
53.78,184
53.8,198.667
53.82,190.667
53.84,186
53.86,175.333
53.88,158
53.9,136.667
53.92,134.667
53.94,130.667
53.96,128.667
53.98,117.333
54,103.333
54.02,82.6667
54.04,64
54.06,52
54.08,50.6667
54.1,46.6667
54.12,32
54.14,31.3333
54.16,28
54.18,25.3333
54.2,24
54.22,22.6667
54.24,15.3333
54.26,10.6667
54.28,10.6667
54.3,8
54.32,10
54.34,12.6667
54.36,8.66667
54.38,8.66667
54.4,12
54.42,11.3333
54.44,9.33333
54.46,8.66667
54.48,10.6667
54.5,7.33333
54.52,5.33333
54.54,6.66667
54.56,6
54.58,7.33333
54.6,9.33333
54.62,12
54.64,10
54.66,15.3333
54.68,15.3333
54.7,20
54.72,20.6667
54.74,19.3333
54.76,18
54.78,16.6667
54.8,20
54.82,18.6667
54.84,14.6667
54.86,20
54.88,18
54.9,16.6667
54.92,11.3333
54.94,14
54.96,12.6667
54.98,10.6667
55,10
55.02,10.6667
55.04,8.66667
55.06,14
55.08,14
55.1,6.66667
55.12,6.66667
55.14,7.33333
55.16,9.33333
55.18,11.3333
55.2,8.66667
55.22,10
55.24,13.3333
55.26,17.3333
55.28,18.6667
55.3,12.6667
55.32,16
55.34,16
55.36,17.3333
55.38,21.3333
55.4,22.6667
55.42,36
55.44,46
55.46,42.6667
55.48,62
55.5,76
55.52,86.6667
55.54,107.333
55.56,123.333
55.58,130.667
55.6,116.667
55.62,99.3333
55.64,102
55.66,101.333
55.68,90.6667
55.7,87.3333
55.72,75.3333
55.74,75.3333
55.76,69.3333
55.78,55.3333
55.8,39.3333
55.82,37.3333
55.84,25.3333
55.86,23.3333
55.88,25.3333
55.9,24.6667
55.92,19.3333
55.94,18
55.96,14.6667
55.98,14.6667
56,13.3333
56.02,14.6667
56.04,12.6667
56.06,11.3333
56.08,6.66667
56.1,9.33333
56.12,8.66667
56.14,10.6667
56.16,8
56.18,10.6667
56.2,9.33333
56.22,10
56.24,12.6667
56.26,10
56.28,9.33333
56.3,12.6667
56.32,10.6667
56.34,9.33333
56.36,11.3333
56.38,12.6667
56.4,18
56.42,11.3333
56.44,8.66667
56.46,11.3333
56.48,15.3333
56.5,22
56.52,20.6667
56.54,21.3333
56.56,28
56.58,25.3333
56.6,23.3333
56.62,17.3333
56.64,20
56.66,21.3333
56.68,16
56.7,22.6667
56.72,19.3333
56.74,10.6667
56.76,14
56.78,12.6667
56.8,10.6667
56.82,14.6667
56.84,5.33333
56.86,13.3333
56.88,9.33333
56.9,9.33333
56.92,14.6667
56.94,10
56.96,13.3333
56.98,11.3333
57,10
57.02,16.6667
57.04,10.6667
57.06,8
57.08,11.3333
57.1,10
57.12,11.3333
57.14,9.33333
57.16,4.66667
57.18,8.66667
57.2,12
57.22,7.33333
57.24,8
57.26,6.66667
57.28,2.66667
57.3,7.33333
57.32,4.66667
57.34,2
57.36,6
57.38,8.66667
57.4,7.33333
57.42,8
57.44,7.33333
57.46,3.33333
57.48,9.33333
57.5,8
57.52,7.33333
57.54,8
57.56,9.33333
57.58,8.66667
57.6,4.66667
57.62,7.33333
57.64,8.66667
57.66,12
57.68,6
57.7,9.33333
57.72,13.3333
57.74,18.6667
57.76,18.6667
57.78,18.6667
57.8,19.3333
57.82,22.6667
57.84,22
57.86,19.3333
57.88,22
57.9,14
57.92,13.3333
57.94,17.3333
57.96,15.3333
57.98,16.6667
58,22
58.02,24
58.04,25.3333
58.06,20
58.08,26.6667
58.1,22
58.12,18
58.14,38
58.16,31.3333
58.18,46
58.2,49.3333
58.22,86.6667
58.24,98.6667
58.26,144
58.28,202
58.3,222.667
58.32,248.667
58.34,274.667
58.36,300.667
58.38,276.667
58.4,247.333
58.42,191.333
58.44,174
58.46,189.333
58.48,150.667
58.5,167.333
58.52,166
58.54,151.333
58.56,112
58.58,80
58.6,74
58.62,52
58.64,49.3333
58.66,42
58.68,27.3333
58.7,28
58.72,22.6667
58.74,18.6667
58.76,20.6667
58.78,16
58.8,18
58.82,15.3333
58.84,15.3333
58.86,12.6667
58.88,14
58.9,12.6667
58.92,7.33333
58.94,8.66667
58.96,10.6667
58.98,8
59,7.33333
59.02,4.66667
59.04,6.66667
59.06,9.33333
59.08,10.6667
59.1,8
59.12,6
59.14,10.6667
59.16,8
59.18,12.6667
59.2,8.66667
59.22,7.33333
59.24,9.33333
59.26,8
59.28,8
59.3,10
59.32,12
59.34,10
59.36,7.33333
59.38,13.3333
59.4,9.33333
59.42,12.6667
59.44,11.3333
59.46,12.6667
59.48,15.3333
59.5,16
59.52,16
59.54,12
59.56,15.3333
59.58,18
59.6,23.3333
59.62,20
59.64,25.3333
59.66,17.3333
59.68,20
59.7,16.6667
59.72,21.3333
59.74,14
59.76,14
59.78,11.3333
59.8,13.3333
59.82,9.33333
59.84,11.3333
59.86,10
59.88,7.33333
59.9,9.33333
59.92,7.33333
59.94,10.6667
59.96,10.6667
59.98,8
60,8

