2theta,Intensity
10,10.8333
10.02,9.16667
10.04,7.5
10.06,5.83333
10.08,5
10.1,5
10.12,5
10.14,7.5
10.16,6.66667
10.18,5.83333
10.2,5
10.22,4.16667
10.24,6.66667
10.26,5
10.28,4.16667
10.3,6.66667
10.32,5.83333
10.34,4.16667
10.36,6.66667
10.38,8.33333
10.4,8.33333
10.42,6.66667
10.44,5.83333
10.46,5
10.48,3.33333
10.5,5.83333
10.52,6.66667
10.54,6.66667
10.56,9.16667
10.58,8.33333
10.6,5.83333
10.62,6.66667
10.64,6.66667
10.66,6.66667
10.68,7.5
10.7,7.5
10.72,8.33333
10.74,7.5
10.76,5.83333
10.78,6.66667
10.8,9.16667
10.82,8.33333
10.84,8.33333
10.86,7.5
10.88,5.83333
10.9,5.83333
10.92,3.33333
10.94,4.16667
10.96,8.33333
10.98,6.66667
11,5
11.02,5
11.04,5
11.06,6.66667
11.08,8.33333
11.1,9.16667
11.12,5.83333
11.14,4.16667
11.16,5
11.18,5.83333
11.2,8.33333
11.22,9.16667
11.24,8.33333
11.26,5.83333
11.28,6.66667
11.3,5.83333
11.32,7.5
11.34,10
11.36,8.33333
11.38,6.66667
11.4,5.83333
11.42,7.5
11.44,8.33333
11.46,7.5
11.48,5.83333
11.5,5
11.52,5.83333
11.54,11.6667
11.56,10.8333
11.58,8.33333
11.6,7.5
11.62,6.66667
11.64,6.66667
11.66,9.16667
11.68,8.33333
11.7,7.5
11.72,7.5
11.74,6.66667
11.76,6.66667
11.78,9.16667
11.8,6.66667
11.82,7.5
11.84,10.8333
11.86,5.83333
11.88,5.83333
11.9,6.66667
11.92,5.83333
11.94,5
11.96,5
11.98,7.5
12,7.5
12.02,5
12.04,5.83333
12.06,9.16667
12.08,9.16667
12.1,5.83333
12.12,7.5
12.14,9.16667
12.16,6.66667
12.18,5.83333
12.2,8.33333
12.22,11.6667
12.24,9.16667
12.26,7.5
12.28,8.33333
12.3,9.16667
12.32,10.8333
12.34,8.33333
12.36,10
12.38,11.6667
12.4,5.83333
12.42,6.66667
12.44,9.16667
12.46,8.33333
12.48,12.5
12.5,15
12.52,16.6667
12.54,7.5
12.56,6.66667
12.58,11.6667
12.6,6.66667
12.62,9.16667
12.64,9.16667
12.66,11.6667
12.68,7.5
12.7,7.5
12.72,7.5
12.74,8.33333
12.76,9.16667
12.78,10
12.8,9.16667
12.82,10.8333
12.84,11.6667
12.86,10.8333
12.88,6.66667
12.9,9.16667
12.92,10
12.94,8.33333
12.96,9.16667
12.98,18.3333
13,15.8333
13.02,15
13.04,17.5
13.06,20.8333
13.08,29.1667
13.1,21.6667
13.12,30
13.14,31.6667
13.16,33.3333
13.18,33.3333
13.2,28.3333
13.22,20
13.24,21.6667
13.26,18.3333
13.28,21.6667
13.3,10
13.32,8.33333
13.34,10
13.36,7.5
13.38,7.5
13.4,7.5
13.42,6.66667
13.44,12.5
13.46,7.5
13.48,5.83333
13.5,13.3333
13.52,8.33333
13.54,10.8333
13.56,10
13.58,10.8333
13.6,10
13.62,8.33333
13.64,11.6667
13.66,10.8333
13.68,9.16667
13.7,5
13.72,10.8333
13.74,10.8333
13.76,8.33333
13.78,10.8333
13.8,6.66667
13.82,10
13.84,5.83333
13.86,5
13.88,6.66667
13.9,10.8333
13.92,9.16667
13.94,8.33333
13.96,5
13.98,5.83333
14,7.5
14.02,5
14.04,5.83333
14.06,6.66667
14.08,8.33333
14.1,6.66667
14.12,10.8333
14.14,10.8333
14.16,10.8333
14.18,6.66667
14.2,5.83333
14.22,5.83333
14.24,7.5
14.26,5
14.28,6.66667
14.3,4.16667
14.32,9.16667
14.34,5.83333
14.36,5.83333
14.38,9.16667
14.4,11.6667
14.42,5.83333
14.44,7.5
14.46,6.66667
14.48,10
14.5,5.83333
14.52,7.5
14.54,8.33333
14.56,5
14.58,5.83333
14.6,5
14.62,5
14.64,8.33333
14.66,10
14.68,8.33333
14.7,5.83333
14.72,9.16667
14.74,9.16667
14.76,7.5
14.78,7.5
14.8,10.8333
14.82,10
14.84,13.3333
14.86,3.33333
14.88,5.83333
14.9,12.5
14.92,7.5
14.94,5
14.96,4.16667
14.98,13.3333
15,11.6667
15.02,7.5
15.04,4.16667
15.06,11.6667
15.08,7.5
15.1,7.5
15.12,5.83333
15.14,13.3333
15.16,5
15.18,10
15.2,7.5
15.22,10
15.24,9.16667
15.26,6.66667
15.28,5.83333
15.3,5.83333
15.32,6.66667
15.34,5
15.36,8.33333
15.38,10.8333
15.4,10
15.42,6.66667
15.44,11.6667
15.46,5.83333
15.48,8.33333
15.5,10
15.52,6.66667
15.54,10
15.56,10
15.58,9.16667
15.6,4.16667
15.62,7.5
15.64,13.3333
15.66,9.16667
15.68,8.33333
15.7,10
15.72,5
15.74,8.33333
15.76,9.16667
15.78,17.5
15.8,9.16667
15.82,12.5
15.84,10
15.86,14.1667
15.88,12.5
15.9,9.16667
15.92,9.16667
15.94,13.3333
15.96,10
15.98,14.1667
16,10
16.02,10
16.04,10
16.06,14.1667
16.08,11.6667
16.1,12.5
16.12,15
16.14,11.6667
16.16,12.5
16.18,15
16.2,11.6667
16.22,10.8333
16.24,11.6667
16.26,11.6667
16.28,10.8333
16.3,11.6667
16.32,11.6667
16.34,11.6667
16.36,15.8333
16.38,13.3333
16.4,9.16667
16.42,11.6667
16.44,15.8333
16.46,15
16.48,12.5
16.5,12.5
16.52,12.5
16.54,11.6667
16.56,12.5
16.58,13.3333
16.6,25
16.62,18.3333
16.64,20
16.66,17.5
16.68,27.5
16.7,37.5
16.72,47.5
16.74,49.1667
16.76,54.1667
16.78,56.6667
16.8,75.8333
16.82,65.8333
16.84,65
16.86,50
16.88,38.3333
16.9,34.1667
16.92,30
16.94,25
16.96,20
16.98,12.5
17,15.8333
17.02,12.5
17.04,14.1667
17.06,20
17.08,19.1667
17.1,23.3333
17.12,19.1667
17.14,23.3333
17.16,20
17.18,27.5
17.2,27.5
17.22,17.5
17.24,16.6667
17.26,18.3333
17.28,15
17.3,20.8333
17.32,20
17.34,20
17.36,18.3333
17.38,19.1667
17.4,20
17.42,20.8333
17.44,23.3333
17.46,18.3333
17.48,21.6667
17.5,21.6667
17.52,21.6667
17.54,21.6667
17.56,28.3333
17.58,31.6667
17.6,28.3333
17.62,33.3333
17.64,30.8333
17.66,30.8333
17.68,36.6667
17.7,37.5
17.72,49.1667
17.74,54.1667
17.76,61.6667
17.78,75.8333
17.8,83.3333
17.82,105
17.84,106.667
17.86,123.333
17.88,130.833
17.9,122.5
17.92,108.333
17.94,104.167
17.96,85.8333
17.98,51.6667
18,40.8333
18.02,30.8333
18.04,23.3333
18.06,20
18.08,22.5
18.1,19.1667
18.12,21.6667
18.14,14.1667
18.16,20
18.18,17.5
18.2,22.5
18.22,19.1667
18.24,12.5
18.26,15
18.28,17.5
18.3,16.6667
18.32,14.1667
18.34,15.8333
18.36,15
18.38,11.6667
18.4,13.3333
18.42,18.3333
18.44,18.3333
18.46,15.8333
18.48,15
18.5,17.5
18.52,15.8333
18.54,13.3333
18.56,19.1667
18.58,15.8333
18.6,16.6667
18.62,12.5
18.64,16.6667
18.66,17.5
18.68,17.5
18.7,20.8333
18.72,20.8333
18.74,19.1667
18.76,21.6667
18.78,24.1667
18.8,34.1667
18.82,42.5
18.84,40
18.86,42.5
18.88,55
18.9,75.8333
18.92,95.8333
18.94,121.667
18.96,138.333
18.98,181.667
19,210
19.02,250.833
19.04,284.167
19.06,297.5
19.08,306.667
19.1,275
19.12,233.333
19.14,176.667
19.16,141.667
19.18,108.333
19.2,69.1667
19.22,58.3333
19.24,57.5
19.26,60.8333
19.28,73.3333
19.3,90.8333
19.32,97.5
19.34,92.5
19.36,110
19.38,131.667
19.4,152.5
19.42,163.333
19.44,182.5
19.46,165
19.48,155.833
19.5,138.333
19.52,104.167
19.54,85.8333
19.56,68.3333
19.58,46.6667
19.6,33.3333
19.62,30
19.64,25
19.66,20.8333
19.68,18.3333
19.7,19.1667
19.72,16.6667
19.74,20
19.76,28.3333
19.78,22.5
19.8,15
19.82,16.6667
19.84,17.5
19.86,15.8333
19.88,12.5
19.9,16.6667
19.92,15
19.94,14.1667
19.96,19.1667
19.98,16.6667
20,15
20.02,15.8333
20.04,21.6667
20.06,19.1667
20.08,15
20.1,15
20.12,13.3333
20.14,11.6667
20.16,12.5
20.18,15.8333
20.2,20.8333
20.22,20.8333
20.24,22.5
20.26,28.3333
20.28,32.5
20.3,28.3333
20.32,29.1667
20.34,30.8333
20.36,30.8333
20.38,36.6667
20.4,41.6667
20.42,40
20.44,40
20.46,35
20.48,27.5
20.5,23.3333
20.52,18.3333
20.54,14.1667
20.56,11.6667
20.58,12.5
20.6,11.6667
20.62,10.8333
20.64,11.6667
20.66,10.8333
20.68,9.16667
20.7,10
20.72,13.3333
20.74,10
20.76,10.8333
20.78,12.5
20.8,9.16667
20.82,8.33333
20.84,10
20.86,12.5
20.88,13.3333
20.9,16.6667
20.92,15
20.94,12.5
20.96,13.3333
20.98,13.3333
21,13.3333
21.02,10.8333
21.04,11.6667
21.06,18.3333
21.08,20
21.1,20
21.12,22.5
21.14,21.6667
21.16,26.6667
21.18,25
21.2,23.3333
21.22,36.6667
21.24,49.1667
21.26,57.5
21.28,77.5
21.3,97.5
21.32,105
21.34,130
21.36,155.833
21.38,180
21.4,210
21.42,235
21.44,243.333
21.46,227.5
21.48,218.333
21.5,194.167
21.52,141.667
21.54,91.6667
21.56,70.8333
21.58,56.6667
21.6,40
21.62,28.3333
21.64,24.1667
21.66,26.6667
21.68,25.8333
21.7,25
21.72,25
21.74,19.1667
21.76,17.5
21.78,17.5
21.8,17.5
21.82,15.8333
21.84,19.1667
21.86,15
21.88,11.6667
21.9,11.6667
21.92,12.5
21.94,14.1667
21.96,13.3333
21.98,8.33333
22,10.8333
22.02,8.33333
22.04,6.66667
22.06,11.6667
22.08,15.8333
22.1,13.3333
22.12,12.5
22.14,13.3333
22.16,13.3333
22.18,13.3333
22.2,15
22.22,10.8333
22.24,7.5
22.26,9.16667
22.28,10
22.3,10
22.32,10.8333
22.34,10.8333
22.36,11.6667
22.38,13.3333
22.4,10
22.42,9.16667
22.44,11.6667
22.46,11.6667
22.48,15.8333
22.5,14.1667
22.52,9.16667
22.54,6.66667
22.56,10.8333
22.58,12.5
22.6,9.16667
22.62,10.8333
22.64,8.33333
22.66,7.5
22.68,8.33333
22.7,9.16667
22.72,11.6667
22.74,12.5
22.76,6.66667
22.78,7.5
22.8,10
22.82,10
22.84,9.16667
22.86,10
22.88,7.5
22.9,8.33333
22.92,5.83333
22.94,13.3333
22.96,10
22.98,5
23,7.5
23.02,9.16667
23.04,9.16667
23.06,8.33333
23.08,7.5
23.1,8.33333
23.12,10
23.14,11.6667
23.16,10.8333
23.18,11.6667
23.2,8.33333
23.22,8.33333
23.24,6.66667
23.26,8.33333
23.28,13.3333
23.3,11.6667
23.32,10.8333
23.34,10.8333
23.36,11.6667
23.38,10.8333
23.4,6.66667
23.42,4.16667
23.44,5
23.46,7.5
23.48,9.16667
23.5,14.1667
23.52,7.5
23.54,9.16667
23.56,12.5
23.58,10.8333
23.6,11.6667
23.62,9.16667
23.64,15
23.66,10
23.68,10
23.7,6.66667
23.72,9.16667
23.74,11.6667
23.76,9.16667
23.78,5.83333
23.8,6.66667
23.82,9.16667
23.84,12.5
23.86,12.5
23.88,14.1667
23.9,6.66667
23.92,6.66667
23.94,7.5
23.96,10
23.98,8.33333
24,10.8333
24.02,15.8333
24.04,15
24.06,10.8333
24.08,13.3333
24.1,11.6667
24.12,11.6667
24.14,12.5
24.16,10
24.18,12.5
24.2,15
24.22,12.5
24.24,12.5
24.26,15.8333
24.28,20
24.3,18.3333
24.32,24.1667
24.34,19.1667
24.36,21.6667
24.38,16.6667
24.4,30.8333
24.42,33.3333
24.44,37.5
24.46,50
24.48,57.5
24.5,67.5
24.52,83.3333
24.54,117.5
24.56,138.333
24.58,186.667
24.6,234.167
24.62,275
24.64,337.5
24.66,380.833
24.68,402.5
24.7,418.333
24.72,365.833
24.74,292.5
24.76,236.667
24.78,184.167
24.8,145
24.82,94.1667
24.84,60
24.86,41.6667
24.88,40.8333
24.9,45.8333
24.92,35
24.94,24.1667
24.96,22.5
24.98,27.5
25,26.6667
25.02,17.5
25.04,14.1667
25.06,24.1667
25.08,14.1667
25.1,14.1667
25.12,17.5
25.14,17.5
25.16,21.6667
25.18,14.1667
25.2,11.6667
25.22,14.1667
25.24,10
25.26,13.3333
25.28,15
25.3,16.6667
25.32,10
25.34,10
25.36,14.1667
25.38,14.1667
25.4,7.5
25.42,14.1667
25.44,10
25.46,13.3333
25.48,10
25.5,10.8333
25.52,10.8333
25.54,13.3333
25.56,5.83333
25.58,12.5
25.6,17.5
25.62,15
25.64,9.16667
25.66,15.8333
25.68,15
25.7,15
25.72,18.3333
25.74,23.3333
25.76,34.1667
25.78,30
25.8,36.6667
25.82,36.6667
25.84,50.8333
25.86,46.6667
25.88,42.5
25.9,42.5
25.92,38.3333
25.94,31.6667
25.96,20.8333
25.98,16.6667
26,15
26.02,18.3333
26.04,9.16667
26.06,13.3333
26.08,17.5
26.1,14.1667
26.12,13.3333
26.14,11.6667
26.16,16.6667
26.18,20.8333
26.2,18.3333
26.22,14.1667
26.24,10.8333
26.26,11.6667
26.28,19.1667
26.3,14.1667
26.32,21.6667
26.34,22.5
26.36,30
26.38,25.8333
26.4,37.5
26.42,30
26.44,45.8333
26.46,50.8333
26.48,55
26.5,64.1667
26.52,94.1667
26.54,92.5
26.56,125.833
26.58,111.667
26.6,127.5
26.62,118.333
26.64,129.167
26.66,95
26.68,66.6667
26.7,45
26.72,43.3333
26.74,34.1667
26.76,24.1667
26.78,22.5
26.8,20.8333
26.82,16.6667
26.84,18.3333
26.86,15.8333
26.88,15.8333
26.9,20
26.92,14.1667
26.94,19.1667
26.96,17.5
26.98,11.6667
27,7.5
27.02,14.1667
27.04,14.1667
27.06,22.5
27.08,11.6667
27.1,10
27.12,10
27.14,13.3333
27.16,10.8333
27.18,18.3333
27.2,14.1667
27.22,17.5
27.24,25
27.26,15.8333
27.28,18.3333
27.3,20.8333
27.32,45
27.34,40.8333
27.36,74.1667
27.38,66.6667
27.4,63.3333
27.42,80.8333
27.44,80.8333
27.46,56.6667
27.48,60
27.5,40.8333
27.52,34.1667
27.54,28.3333
27.56,25.8333
27.58,23.3333
27.6,15.8333
27.62,10
27.64,10
27.66,22.5
27.68,20.8333
27.7,15.8333
27.72,7.5
27.74,11.6667
27.76,10.8333
27.78,15.8333
27.8,11.6667
27.82,10
27.84,9.16667
27.86,8.33333
27.88,10.8333
27.9,9.16667
27.92,6.66667
27.94,10.8333
27.96,15
27.98,5.83333
28,13.3333
28.02,10.8333
28.04,15
28.06,8.33333
28.08,9.16667
28.1,9.16667
28.12,8.33333
28.14,13.3333
28.16,6.66667
28.18,9.16667
28.2,13.3333
28.22,10.8333
28.24,9.16667
28.26,6.66667
28.28,12.5
28.3,11.6667
28.32,8.33333
28.34,9.16667
28.36,5
28.38,11.6667
28.4,10
28.42,4.16667
28.44,10.8333
28.46,9.16667
28.48,6.66667
28.5,16.6667
28.52,12.5
28.54,8.33333
28.56,12.5
28.58,12.5
28.6,11.6667
28.62,10.8333
28.64,15
28.66,14.1667
28.68,10.8333
28.7,19.1667
28.72,18.3333
28.74,15
28.76,10.8333
28.78,14.1667
28.8,15.8333
28.82,18.3333
28.84,19.1667
28.86,13.3333
28.88,13.3333
28.9,10.8333
28.92,13.3333
28.94,17.5
28.96,15.8333
28.98,10
29,16.6667
29.02,12.5
29.04,15.8333
29.06,15.8333
29.08,9.16667
29.1,12.5
29.12,12.5
29.14,12.5
29.16,15
29.18,18.3333
29.2,10
29.22,25
29.24,35
29.26,31.6667
29.28,34.1667
29.3,45.8333
29.32,56.6667
29.34,72.5
29.36,90.8333
29.38,103.333
29.4,100
29.42,106.667
29.44,108.333
29.46,100
29.48,74.1667
29.5,64.1667
29.52,41.6667
29.54,40.8333
29.56,23.3333
29.58,17.5
29.6,15.8333
29.62,14.1667
29.64,10.8333
29.66,15
29.68,11.6667
29.7,13.3333
29.72,7.5
29.74,10.8333
29.76,14.1667
29.78,13.3333
29.8,10
29.82,14.1667
29.84,10.8333
29.86,10
29.88,12.5
29.9,10.8333
29.92,11.6667
29.94,10
29.96,7.5
29.98,8.33333
30,12.5
30.02,10.8333
30.04,15
30.06,12.5
30.08,10
30.1,12.5
30.12,10
30.14,11.6667
30.16,14.1667
30.18,10
30.2,10.8333
30.22,13.3333
30.24,9.16667
30.26,10.8333
30.28,10
30.3,10
30.32,13.3333
30.34,12.5
30.36,9.16667
30.38,10.8333
30.4,16.6667
30.42,13.3333
30.44,11.6667
30.46,10.8333
30.48,8.33333
30.5,12.5
30.52,11.6667
30.54,10.8333
30.56,9.16667
30.58,10.8333
30.6,9.16667
30.62,8.33333
30.64,10.8333
30.66,10
30.68,11.6667
30.7,7.5
30.72,8.33333
30.74,10.8333
30.76,10.8333
30.78,9.16667
30.8,12.5
30.82,6.66667
30.84,7.5
30.86,8.33333
30.88,7.5
30.9,6.66667
30.92,9.16667
30.94,7.5
30.96,5.83333
30.98,8.33333
31,9.16667
31.02,11.6667
31.04,11.6667
31.06,8.33333
31.08,6.66667
31.1,10.8333
31.12,10.8333
31.14,14.1667
31.16,10
31.18,10
31.2,6.66667
31.22,15.8333
31.24,13.3333
31.26,10
31.28,5.83333
31.3,7.5
31.32,10.8333
31.34,14.1667
31.36,11.6667
31.38,11.6667
31.4,12.5
31.42,11.6667
31.44,7.5
31.46,10
31.48,15
31.5,22.5
31.52,25.8333
31.54,30.8333
31.56,35.8333
31.58,45.8333
31.6,52.5
31.62,60
31.64,74.1667
31.66,85.8333
31.68,79.1667
31.7,78.3333
31.72,63.3333
31.74,64.1667
31.76,57.5
31.78,54.1667
31.8,58.3333
31.82,52.5
31.84,66.6667
31.86,90.8333
31.88,105
31.9,132.5
31.92,170
31.94,208.333
31.96,271.667
31.98,357.5
32,402.5
32.02,435
32.04,439.167
32.06,465
32.08,426.667
32.1,362.5
32.12,280
32.14,221.667
32.16,174.167
32.18,123.333
32.2,85.8333
32.22,54.1667
32.24,43.3333
32.26,41.6667
32.28,37.5
32.3,40
32.32,28.3333
32.34,26.6667
32.36,27.5
32.38,24.1667
32.4,20.8333
32.42,22.5
32.44,20.8333
32.46,15.8333
32.48,15.8333
32.5,11.6667
32.52,11.6667
32.54,11.6667
32.56,10
32.58,12.5
32.6,10
32.62,10
32.64,14.1667
32.66,17.5
32.68,15
32.7,11.6667
32.72,10
32.74,9.16667
32.76,10
32.78,11.6667
32.8,11.6667
32.82,13.3333
32.84,10.8333
32.86,15.8333
32.88,13.3333
32.9,11.6667
32.92,10.8333
32.94,10.8333
32.96,12.5
32.98,9.16667
33,7.5
33.02,10.8333
33.04,11.6667
33.06,11.6667
33.08,10
33.1,11.6667
33.12,14.1667
33.14,10
33.16,10
33.18,8.33333
33.2,9.16667
33.22,10
33.24,10.8333
33.26,11.6667
33.28,12.5
33.3,14.1667
33.32,14.1667
33.34,15
33.36,23.3333
33.38,21.6667
33.4,21.6667
33.42,28.3333
33.44,35.8333
33.46,39.1667
33.48,50.8333
33.5,60
33.52,55
33.54,55
33.56,56.6667
33.58,57.5
33.6,54.1667
33.62,53.3333
33.64,50.8333
33.66,40
33.68,34.1667
33.7,28.3333
33.72,25.8333
33.74,20.8333
33.76,22.5
33.78,22.5
33.8,20.8333
33.82,18.3333
33.84,21.6667
33.86,25.8333
33.88,27.5
33.9,35
33.92,35
33.94,37.5
33.96,45.8333
33.98,65.8333
34,88.3333
34.02,110
34.04,130
34.06,160
34.08,189.167
34.1,192.5
34.12,190
34.14,178.333
34.16,144.167
34.18,113.333
34.2,100
34.22,93.3333
34.24,79.1667
34.26,70.8333
34.28,63.3333
34.3,49.1667
34.32,44.1667
34.34,49.1667
34.36,51.6667
34.38,53.3333
34.4,53.3333
34.42,55.8333
34.44,65
34.46,66.6667
34.48,71.6667
34.5,90
34.52,126.667
34.54,172.5
34.56,214.167
34.58,290.833
34.6,376.667
34.62,469.167
34.64,574.167
34.66,639.167
34.68,629.167
34.7,577.5
34.72,524.167
34.74,457.5
34.76,384.167
34.78,316.667
34.8,249.167
34.82,179.167
34.84,120
34.86,80.8333
34.88,61.6667
34.9,61.6667
34.92,60
34.94,47.5
34.96,42.5
34.98,43.3333
35,49.1667
35.02,47.5
35.04,43.3333
35.06,43.3333
35.08,42.5
35.1,47.5
35.12,58.3333
35.14,66.6667
35.16,72.5
35.18,94.1667
35.2,133.333
35.22,165.833
35.24,241.667
35.26,318.333
35.28,349.167
35.3,402.5
35.32,455.833
35.34,470
35.36,436.667
35.38,384.167
35.4,326.667
35.42,270
35.44,230.833
35.46,175.833
35.48,124.167
35.5,85.8333
35.52,65.8333
35.54,45.8333
35.56,40
35.58,36.6667
35.6,37.5
35.62,37.5
35.64,30.8333
35.66,25.8333
35.68,25.8333
35.7,23.3333
35.72,22.5
35.74,23.3333
35.76,21.6667
35.78,20.8333
35.8,21.6667
35.82,18.3333
35.84,15.8333
35.86,20
35.88,22.5
35.9,23.3333
35.92,26.6667
35.94,19.1667
35.96,13.3333
35.98,16.6667
36,22.5
36.02,23.3333
36.04,24.1667
36.06,18.3333
36.08,15.8333
36.1,15.8333
36.12,19.1667
36.14,15.8333
36.16,19.1667
36.18,23.3333
36.2,26.6667
36.22,39.1667
36.24,53.3333
36.26,60.8333
36.28,72.5
36.3,82.5
36.32,87.5
36.34,85
36.36,80.8333
36.38,85
36.4,75.8333
36.42,59.1667
36.44,63.3333
36.46,50.8333
36.48,35.8333
36.5,25.8333
36.52,14.1667
36.54,13.3333
36.56,15.8333
36.58,13.3333
36.6,10
36.62,16.6667
36.64,17.5
36.66,13.3333
36.68,14.1667
36.7,15.8333
36.72,15.8333
36.74,15
36.76,13.3333
36.78,12.5
36.8,15.8333
36.82,13.3333
36.84,9.16667
36.86,7.5
36.88,12.5
36.9,12.5
36.92,13.3333
36.94,10.8333
36.96,8.33333
36.98,10
37,13.3333
37.02,11.6667
37.04,8.33333
37.06,8.33333
37.08,8.33333
37.1,4.16667
37.12,7.5
37.14,5
37.16,8.33333
37.18,6.66667
37.2,5.83333
37.22,7.5
37.24,7.5
37.26,10
37.28,9.16667
37.3,7.5
37.32,5.83333
37.34,8.33333
37.36,10
37.38,6.66667
37.4,8.33333
37.42,8.33333
37.44,8.33333
37.46,9.16667
37.48,7.5
37.5,8.33333
37.52,6.66667
37.54,5.83333
37.56,10
37.58,11.6667
37.6,10
37.62,15
37.64,17.5
37.66,16.6667
37.68,19.1667
37.7,23.3333
37.72,23.3333
37.74,25
37.76,30
37.78,33.3333
37.8,32.5
37.82,33.3333
37.84,25.8333
37.86,28.3333
37.88,29.1667
37.9,20.8333
37.92,15.8333
37.94,15
37.96,14.1667
37.98,13.3333
38,5.83333
38.02,5.83333
38.04,6.66667
38.06,8.33333
38.08,9.16667
38.1,10.8333
38.12,10
38.14,10
38.16,5
38.18,5
38.2,6.66667
38.22,5.83333
38.24,7.5
38.26,8.33333
38.28,6.66667
38.3,7.5
38.32,6.66667
38.34,7.5
38.36,8.33333
38.38,8.33333
38.4,7.5
38.42,9.16667
38.44,5.83333
38.46,7.5
38.48,9.16667
38.5,8.33333
38.52,10.8333
38.54,11.6667
38.56,14.1667
38.58,14.1667
38.6,15
38.62,15.8333
38.64,23.3333
38.66,25
38.68,29.1667
38.7,46.6667
38.72,62.5
38.74,84.1667
38.76,93.3333
38.78,107.5
38.8,95
38.82,120.833
38.84,110.833
38.86,90.8333
38.88,80
38.9,65.8333
38.92,50.8333
38.94,45
38.96,32.5
38.98,33.3333
39,20
39.02,14.1667
39.04,10.8333
39.06,17.5
39.08,14.1667
39.1,11.6667
39.12,10.8333
39.14,8.33333
39.16,7.5
39.18,10
39.2,5
39.22,7.5
39.24,6.66667
39.26,7.5
39.28,5.83333
39.3,7.5
39.32,6.66667
39.34,3.33333
39.36,10
39.38,10
39.4,10.8333
39.42,10
39.44,9.16667
39.46,11.6667
39.48,15
39.5,20.8333
39.52,26.6667
39.54,28.3333
39.56,25.8333
39.58,33.3333
39.6,28.3333
39.62,27.5
39.64,30
39.66,19.1667
39.68,20
39.7,17.5
39.72,16.6667
39.74,15.8333
39.76,10.8333
39.78,7.5
39.8,10
39.82,10
39.84,4.16667
39.86,10.8333
39.88,5.83333
39.9,7.5
39.92,6.66667
39.94,10
39.96,7.5
39.98,8.33333
40,8.33333
40.02,9.16667
40.04,3.33333
40.06,8.33333
40.08,16.6667
40.1,5.83333
40.12,15.8333
40.14,14.1667
40.16,17.5
40.18,12.5
40.2,3.33333
40.22,13.3333
40.24,13.3333
40.26,7.5
40.28,5
40.3,9.16667
40.32,10.8333
40.34,3.33333
40.36,5.83333
40.38,10.8333
40.4,8.33333
40.42,5
40.44,11.6667
40.46,11.6667
40.48,10.8333
40.5,11.6667
40.52,14.1667
40.54,9.16667
40.56,21.6667
40.58,18.3333
40.6,25
40.62,25.8333
40.64,36.6667
40.66,40
40.68,48.3333
40.7,40.8333
40.72,33.3333
40.74,35
40.76,29.1667
40.78,28.3333
40.8,25.8333
40.82,15.8333
40.84,13.3333
40.86,15.8333
40.88,12.5
40.9,12.5
40.92,11.6667
40.94,12.5
40.96,10
40.98,8.33333
41,5.83333
41.02,7.5
41.04,7.5
41.06,6.66667
41.08,10
41.1,3.33333
41.12,7.5
41.14,8.33333
41.16,9.16667
41.18,7.5
41.2,6.66667
41.22,5
41.24,5
41.26,7.5
41.28,8.33333
41.3,9.16667
41.32,10
41.34,10
41.36,14.1667
41.38,16.6667
41.4,11.6667
41.42,15.8333
41.44,17.5
41.46,15
41.48,32.5
41.5,36.6667
41.52,32.5
41.54,40.8333
41.56,41.6667
41.58,36.6667
41.6,43.3333
41.62,32.5
41.64,30.8333
41.66,33.3333
41.68,25
41.7,30.8333
41.72,36.6667
41.74,29.1667
41.76,21.6667
41.78,21.6667
41.8,23.3333
41.82,20
41.84,18.3333
41.86,25
41.88,25.8333
41.9,23.3333
41.92,15
41.94,15.8333
41.96,19.1667
41.98,17.5
42,14.1667
42.02,11.6667
42.04,9.16667
42.06,15.8333
42.08,10
42.1,9.16667
42.12,8.33333
42.14,4.16667
42.16,8.33333
42.18,7.5
42.2,5.83333
42.22,2.5
42.24,5.83333
42.26,9.16667
42.28,10.8333
42.3,7.5
42.32,7.5
42.34,8.33333
42.36,6.66667
42.38,5
42.4,5.83333
42.42,5.83333
42.44,8.33333
42.46,6.66667
42.48,7.5
42.5,5
42.52,4.16667
42.54,5.83333
42.56,5
42.58,3.33333
42.6,5
42.62,6.66667
42.64,4.16667
42.66,5
42.68,4.16667
42.7,7.5
42.72,9.16667
42.74,5.83333
42.76,5.83333
42.78,5.83333
42.8,2.5
42.82,6.66667
42.84,6.66667
42.86,5
42.88,5
42.9,6.66667
42.92,5.83333
42.94,6.66667
42.96,6.66667
42.98,7.5
43,6.66667
43.02,5.83333
43.04,5
43.06,4.16667
43.08,8.33333
43.1,10.8333
43.12,4.16667
43.14,5
43.16,5
43.18,4.16667
43.2,5.83333
43.22,8.33333
43.24,5
43.26,6.66667
43.28,8.33333
43.3,8.33333
43.32,10
43.34,9.16667
43.36,8.33333
43.38,8.33333
43.4,5
43.42,8.33333
43.44,9.16667
43.46,7.5
43.48,7.5
43.5,10
43.52,10.8333
43.54,6.66667
43.56,9.16667
43.58,10.8333
43.6,8.33333
43.62,9.16667
43.64,12.5
43.66,19.1667
43.68,20.8333
43.7,20
43.72,20
43.74,25.8333
43.76,29.1667
43.78,31.6667
43.8,28.3333
43.82,33.3333
43.84,32.5
43.86,37.5
43.88,35.8333
43.9,38.3333
43.92,39.1667
43.94,45.8333
43.96,70
43.98,84.1667
44,112.5
44.02,138.333
44.04,164.167
44.06,165.833
44.08,175.833
44.1,191.667
44.12,166.667
44.14,149.167
44.16,131.667
44.18,117.5
44.2,105.833
44.22,95
44.24,70.8333
44.26,45
44.28,30
44.3,21.6667
44.32,20.8333
44.34,21.6667
44.36,17.5
44.38,13.3333
44.4,16.6667
44.42,12.5
44.44,9.16667
44.46,7.5
44.48,10
44.5,10.8333
44.52,8.33333
44.54,7.5
44.56,8.33333
44.58,8.33333
44.6,6.66667
44.62,5.83333
44.64,7.5
44.66,5.83333
44.68,5.83333
44.7,8.33333
44.72,7.5
44.74,8.33333
44.76,8.33333
44.78,10.8333
44.8,8.33333
44.82,4.16667
44.84,5
44.86,5
44.88,7.5
44.9,7.5
44.92,5.83333
44.94,4.16667
44.96,5
44.98,5.83333
45,8.33333
45.02,12.5
45.04,16.6667
45.06,17.5
45.08,18.3333
45.1,21.6667
45.12,19.1667
45.14,22.5
45.16,22.5
45.18,25.8333
45.2,25
45.22,16.6667
45.24,18.3333
45.26,24.1667
45.28,23.3333
45.3,17.5
45.32,15.8333
45.34,12.5
45.36,14.1667
45.38,15.8333
45.4,11.6667
45.42,12.5
45.44,10.8333
45.46,10
45.48,9.16667
45.5,7.5
45.52,13.3333
45.54,15
45.56,10.8333
45.58,11.6667
45.6,13.3333
45.62,13.3333
45.64,15.8333
45.66,15
45.68,15.8333
45.7,18.3333
45.72,15
45.74,15
45.76,17.5
45.78,15
45.8,12.5
45.82,12.5
45.84,13.3333
45.86,12.5
45.88,10
45.9,10.8333
45.92,14.1667
45.94,10.8333
45.96,7.5
45.98,9.16667
46,7.5
46.02,5.83333
46.04,7.5
46.06,4.16667
46.08,5
46.1,5
46.12,8.33333
46.14,8.33333
46.16,5
46.18,4.16667
46.2,4.16667
46.22,5
46.24,5.83333
46.26,7.5
46.28,5.83333
46.3,5
46.32,5
46.34,5.83333
46.36,5.83333
46.38,6.66667
46.4,6.66667
46.42,8.33333
46.44,8.33333
46.46,5.83333
46.48,10
46.5,15
46.52,11.6667
46.54,16.6667
46.56,17.5
46.58,23.3333
46.6,28.3333
46.62,30
46.64,30
46.66,34.1667
46.68,31.6667
46.7,24.1667
46.72,25
46.74,21.6667
46.76,19.1667
46.78,17.5
46.8,17.5
46.82,14.1667
46.84,14.1667
46.86,10
46.88,6.66667
46.9,5.83333
46.92,6.66667
46.94,10
46.96,10
46.98,6.66667
47,5.83333
47.02,7.5
47.04,7.5
47.06,10
47.08,9.16667
47.1,7.5
47.12,9.16667
47.14,7.5
47.16,9.16667
47.18,5.83333
47.2,10
47.22,9.16667
47.24,5
47.26,8.33333
47.28,5
47.3,5.83333
47.32,6.66667
47.34,10
47.36,12.5
47.38,10
47.4,9.16667
47.42,12.5
47.44,11.6667
47.46,15.8333
47.48,17.5
47.5,14.1667
47.52,8.33333
47.54,10
47.56,8.33333
47.58,7.5
47.6,11.6667
47.62,6.66667
47.64,6.66667
47.66,9.16667
47.68,5
47.7,10
47.72,5.83333
47.74,6.66667
47.76,4.16667
47.78,3.33333
47.8,4.16667
47.82,4.16667
47.84,10.8333
47.86,5
47.88,7.5
47.9,5.83333
47.92,5
47.94,5
47.96,6.66667
47.98,3.33333
48,6.66667
48.02,3.33333
48.04,5
48.06,2.5
48.08,1.66667
48.1,5.83333
48.12,9.16667
48.14,5.83333
48.16,3.33333
48.18,3.33333
48.2,6.66667
48.22,4.16667
48.24,6.66667
48.26,6.66667
48.28,8.33333
48.3,5
48.32,5
48.34,9.16667
48.36,10
48.38,10.8333
48.4,5
48.42,8.33333
48.44,9.16667
48.46,8.33333
48.48,9.16667
48.5,14.1667
48.52,12.5
48.54,10
48.56,15.8333
48.58,15.8333
48.6,23.3333
48.62,29.1667
48.64,28.3333
48.66,22.5
48.68,25
48.7,18.3333
48.72,25.8333
48.74,18.3333
48.76,13.3333
48.78,15.8333
48.8,10
48.82,15.8333
48.84,13.3333
48.86,10
48.88,13.3333
48.9,7.5
48.92,10.8333
48.94,3.33333
48.96,6.66667
48.98,5.83333
49,11.6667
49.02,11.6667
49.04,9.16667
49.06,8.33333
49.08,17.5
49.1,17.5
49.12,13.3333
49.14,14.1667
49.16,25.8333
49.18,35
49.2,41.6667
49.22,45
49.24,54.1667
49.26,55
49.28,43.3333
49.3,43.3333
49.32,52.5
49.34,63.3333
49.36,75.8333
49.38,82.5
49.4,91.6667
49.42,108.333
49.44,120
49.46,124.167
49.48,130.833
49.5,89.1667
49.52,100
49.54,101.667
49.56,80
49.58,80
49.6,57.5
49.62,60.8333
49.64,43.3333
49.66,35.8333
49.68,38.3333
49.7,18.3333
49.72,15
49.74,11.6667
49.76,16.6667
49.78,13.3333
49.8,9.16667
49.82,10.8333
49.84,10.8333
49.86,12.5
49.88,9.16667
49.9,12.5
49.92,8.33333
49.94,10
49.96,15.8333
49.98,10
50,9.16667
50.02,10.8333
50.04,16.6667
50.06,15
50.08,14.1667
50.1,16.6667
50.12,18.3333
50.14,11.6667
50.16,10
50.18,17.5
50.2,16.6667
50.22,13.3333
50.24,22.5
50.26,25
50.28,30
50.3,29.1667
50.32,32.5
50.34,27.5
50.36,20.8333
50.38,25
50.4,17.5
50.42,26.6667
50.44,33.3333
50.46,29.1667
50.48,20.8333
50.5,14.1667
50.52,24.1667
50.54,23.3333
50.56,25
50.58,27.5
50.6,33.3333
50.62,50.8333
50.64,71.6667
50.66,82.5
50.68,100.833
50.7,123.333
50.72,120
50.74,121.667
50.76,115.833
50.78,102.5
50.8,95
50.82,94.1667
50.84,85
50.86,82.5
50.88,72.5
50.9,65
50.92,54.1667
50.94,50
50.96,41.6667
50.98,33.3333
51,37.5
51.02,32.5
51.04,29.1667
51.06,28.3333
51.08,18.3333
51.1,21.6667
51.12,20
51.14,23.3333
51.16,16.6667
51.18,10.8333
51.2,15.8333
51.22,13.3333
51.24,13.3333
51.26,12.5
51.28,9.16667
51.3,9.16667
51.32,8.33333
51.34,8.33333
51.36,8.33333
51.38,7.5
51.4,6.66667
51.42,8.33333
51.44,7.5
51.46,5.83333
51.48,5.83333
51.5,7.5
51.52,5.83333
51.54,6.66667
51.56,6.66667
51.58,5
51.6,8.33333
51.62,10.8333
51.64,8.33333
51.66,6.66667
51.68,5.83333
51.7,5.83333
51.72,7.5
51.74,6.66667
51.76,6.66667
51.78,5
51.8,7.5
51.82,8.33333
51.84,7.5
51.86,5.83333
51.88,4.16667
51.9,3.33333
51.92,5
51.94,5
51.96,5
51.98,6.66667
52,10.8333
52.02,9.16667
52.04,8.33333
52.06,9.16667
52.08,7.5
52.1,6.66667
52.12,9.16667
52.14,12.5
52.16,15.8333
52.18,19.1667
52.2,18.3333
52.22,20
52.24,20.8333
52.26,25.8333
52.28,25.8333
52.3,20.8333
52.32,17.5
52.34,17.5
52.36,18.3333
52.38,18.3333
52.4,15.8333
52.42,15
52.44,12.5
52.46,8.33333
52.48,5.83333
52.5,7.5
52.52,8.33333
52.54,5.83333
52.56,6.66667
52.58,5.83333
52.6,5.83333
52.62,5
52.64,4.16667
52.66,5.83333
52.68,5
52.7,2.5
52.72,2.5
52.74,4.16667
52.76,5
52.78,6.66667
52.8,7.5
52.82,6.66667
52.84,7.5
52.86,7.5
52.88,5.83333
52.9,5.83333
52.92,6.66667
52.94,6.66667
52.96,9.16667
52.98,8.33333
53,7.5
53.02,5.83333
53.04,6.66667
53.06,9.16667
53.08,9.16667
53.1,9.16667
53.12,12.5
53.14,12.5
53.16,15
53.18,15.8333
53.2,15.8333
53.22,20.8333
53.24,21.6667
53.26,20
53.28,25.8333
53.3,32.5
53.32,24.1667
53.34,21.6667
53.36,20
53.38,21.6667
53.4,25.8333
53.42,25.8333
53.44,26.6667
53.46,30
53.48,22.5
53.5,18.3333
53.52,20.8333
53.54,17.5
53.56,20.8333
53.58,21.6667
53.6,22.5
53.62,27.5
53.64,30.8333
53.66,35
53.68,38.3333
53.7,33.3333
53.72,34.1667
53.74,41.6667
53.76,42.5
53.78,53.3333
53.8,69.1667
53.82,93.3333
53.84,127.5
53.86,160
53.88,169.167
53.9,200
53.92,201.667
53.94,183.333
53.96,166.667
53.98,151.667
54,132.5
54.02,131.667
54.04,131.667
54.06,131.667
54.08,135
54.1,115
54.12,98.3333
54.14,87.5
54.16,66.6667
54.18,50
54.2,49.1667
54.22,41.6667
54.24,36.6667
54.26,30.8333
54.28,35
54.3,30.8333
54.32,33.3333
54.34,24.1667
54.36,21.6667
54.38,14.1667
54.4,14.1667
54.42,11.6667
54.44,10
54.46,11.6667
54.48,9.16667
54.5,11.6667
54.52,15.8333
54.54,15.8333
54.56,10.8333
54.58,10.8333
54.6,10.8333
54.62,11.6667
54.64,10.8333
54.66,8.33333
54.68,11.6667
54.7,13.3333
54.72,12.5
54.74,10.8333
54.76,20
54.78,21.6667
54.8,20
54.82,25
54.84,26.6667
54.86,23.3333
54.88,22.5
54.9,19.1667
54.92,15
54.94,20
54.96,15
54.98,25
55,18.3333
55.02,19.1667
55.04,19.1667
55.06,11.6667
55.08,13.3333
55.1,15.8333
55.12,13.3333
55.14,10
55.16,11.6667
55.18,12.5
55.2,10
55.22,6.66667
55.24,8.33333
55.26,13.3333
55.28,13.3333
55.3,9.16667
55.32,17.5
55.34,14.1667
55.36,14.1667
55.38,13.3333
55.4,18.3333
55.42,12.5
55.44,14.1667
55.46,12.5
55.48,20
55.5,20.8333
55.52,29.1667
55.54,28.3333
55.56,31.6667
55.58,39.1667
55.6,54.1667
55.62,73.3333
55.64,94.1667
55.66,110.833
55.68,125.833
55.7,119.167
55.72,118.333
55.74,120
55.76,109.167
55.78,90
55.8,76.6667
55.82,92.5
55.84,100
55.86,90.8333
55.88,71.6667
55.9,69.1667
55.92,48.3333
55.94,36.6667
55.96,38.3333
55.98,36.6667
56,30
56.02,30.8333
56.04,20.8333
56.06,18.3333
56.08,19.1667
56.1,13.3333
56.12,13.3333
56.14,11.6667
56.16,5.83333
56.18,8.33333
56.2,8.33333
56.22,7.5
56.24,10.8333
56.26,12.5
56.28,11.6667
56.3,8.33333
56.32,14.1667
56.34,8.33333
56.36,11.6667
56.38,8.33333
56.4,10.8333
56.42,9.16667
56.44,9.16667
56.46,11.6667
56.48,12.5
56.5,9.16667
56.52,16.6667
56.54,7.5
56.56,10.8333
56.58,10.8333
56.6,14.1667
56.62,24.1667
56.64,24.1667
56.66,31.6667
56.68,24.1667
56.7,31.6667
56.72,33.3333
56.74,21.6667
56.76,26.6667
56.78,22.5
56.8,18.3333
56.82,18.3333
56.84,12.5
56.86,21.6667
56.88,15
56.9,14.1667
56.92,12.5
56.94,11.6667
56.96,11.6667
56.98,11.6667
57,16.6667
57.02,9.16667
57.04,10.8333
57.06,12.5
57.08,13.3333
57.1,11.6667
57.12,15.8333
57.14,15.8333
57.16,10.8333
57.18,10
57.2,16.6667
57.22,11.6667
57.24,8.33333
57.26,9.16667
57.28,11.6667
57.3,10.8333
57.32,10
57.34,8.33333
57.36,6.66667
57.38,7.5
57.4,12.5
57.42,10.8333
57.44,5.83333
57.46,7.5
57.48,4.16667
57.5,9.16667
57.52,10.8333
57.54,8.33333
57.56,8.33333
57.58,5.83333
57.6,7.5
57.62,6.66667
57.64,8.33333
57.66,9.16667
57.68,10
57.7,10
57.72,5
57.74,8.33333
57.76,6.66667
57.78,8.33333
57.8,17.5
57.82,12.5
57.84,21.6667
57.86,27.5
57.88,20.8333
57.9,21.6667
57.92,16.6667
57.94,30.8333
57.96,24.1667
57.98,18.3333
58,23.3333
58.02,7.5
58.04,27.5
58.06,19.1667
58.08,24.1667
58.1,20
58.12,30.8333
58.14,18.3333
58.16,25.8333
58.18,23.3333
58.2,20
58.22,40
58.24,37.5
58.26,50.8333
58.28,51.6667
58.3,56.6667
58.32,72.5
58.34,88.3333
58.36,137.5
58.38,204.167
58.4,254.167
58.42,294.167
58.44,300.833
58.46,287.5
58.48,301.667
58.5,230
58.52,211.667
58.54,181.667
58.56,175.833
58.58,185.833
58.6,192.5
58.62,172.5
58.64,160.833
58.66,128.333
58.68,100.833
58.7,66.6667
58.72,54.1667
58.74,40.8333
58.76,40.8333
58.78,37.5
58.8,25
58.82,23.3333
58.84,20
58.86,30.8333
58.88,21.6667
58.9,25
58.92,15
58.94,15.8333
58.96,19.1667
58.98,14.1667
59,13.3333
59.02,11.6667
59.04,9.16667
59.06,17.5
59.08,15.8333
59.1,9.16667
59.12,9.16667
59.14,3.33333
59.16,7.5
59.18,15.8333
59.2,10
59.22,15
59.24,11.6667
59.26,7.5
59.28,10
59.3,9.16667
59.32,11.6667
59.34,10
59.36,14.1667
59.38,13.3333
59.4,9.16667
59.42,15.8333
59.44,7.5
59.46,9.16667
59.48,10
59.5,10
59.52,18.3333
59.54,10.8333
59.56,15.8333
59.58,18.3333
59.6,13.3333
59.62,14.1667
59.64,16.6667
59.66,15.8333
59.68,16.6667
59.7,20
59.72,19.1667
59.74,24.1667
59.76,19.1667
59.78,13.3333
59.8,13.3333
59.82,14.1667
59.84,14.1667
59.86,12.5
59.88,15.8333
59.9,10
59.92,8.33333
59.94,8.33333
59.96,15
59.98,13.3333
60,13.3333

