2theta,Intensity
10,3.33333
10.02,5
10.04,7.5
10.06,8.33333
10.08,6.66667
10.1,5.83333
10.12,5
10.14,5
10.16,5.83333
10.18,5.83333
10.2,4.16667
10.22,5.83333
10.24,8.33333
10.26,5.83333
10.28,4.16667
10.3,5.83333
10.32,7.5
10.34,5.83333
10.36,5.83333
10.38,6.66667
10.4,4.16667
10.42,1.66667
10.44,5
10.46,8.33333
10.48,5.83333
10.5,5
10.52,7.5
10.54,6.66667
10.56,3.33333
10.58,2.5
10.6,3.33333
10.62,2.5
10.64,3.33333
10.66,5.83333
10.68,7.5
10.7,5
10.72,2.5
10.74,5
10.76,6.66667
10.78,6.66667
10.8,7.5
10.82,6.66667
10.84,5.83333
10.86,4.16667
10.88,9.16667
10.9,10
10.92,5.83333
10.94,2.5
10.96,2.5
10.98,5
11,5.83333
11.02,7.5
11.04,10.8333
11.06,9.16667
11.08,5
11.1,5.83333
11.12,5
11.14,5
11.16,4.16667
11.18,2.5
11.2,4.16667
11.22,7.5
11.24,5.83333
11.26,5
11.28,4.16667
11.3,4.16667
11.32,3.33333
11.34,2.5
11.36,5
11.38,5.83333
11.4,4.16667
11.42,4.16667
11.44,2.5
11.46,2.5
11.48,5
11.5,8.33333
11.52,5.83333
11.54,3.33333
11.56,5
11.58,5
11.6,5
11.62,6.66667
11.64,5
11.66,5.83333
11.68,5.83333
11.7,4.16667
11.72,5
11.74,3.33333
11.76,4.16667
11.78,5.83333
11.8,3.33333
11.82,5.83333
11.84,4.16667
11.86,3.33333
11.88,6.66667
11.9,5
11.92,5
11.94,6.66667
11.96,6.66667
11.98,4.16667
12,4.16667
12.02,6.66667
12.04,5.83333
12.06,4.16667
12.08,5
12.1,5
12.12,10.8333
12.14,10
12.16,6.66667
12.18,5.83333
12.2,4.16667
12.22,5.83333
12.24,4.16667
12.26,5
12.28,5
12.3,5
12.32,5.83333
12.34,5.83333
12.36,8.33333
12.38,7.5
12.4,5.83333
12.42,7.5
12.44,5
12.46,6.66667
12.48,9.16667
12.5,13.3333
12.52,7.5
12.54,8.33333
12.56,9.16667
12.58,9.16667
12.6,10
12.62,4.16667
12.64,5
12.66,9.16667
12.68,10.8333
12.7,5.83333
12.72,8.33333
12.74,6.66667
12.76,7.5
12.78,8.33333
12.8,8.33333
12.82,8.33333
12.84,8.33333
12.86,10.8333
12.88,5.83333
12.9,5.83333
12.92,6.66667
12.94,6.66667
12.96,8.33333
12.98,8.33333
13,6.66667
13.02,7.5
13.04,11.6667
13.06,9.16667
13.08,7.5
13.1,15.8333
13.12,25
13.14,18.3333
13.16,20.8333
13.18,22.5
13.2,21.6667
13.22,23.3333
13.24,25
13.26,25
13.28,27.5
13.3,27.5
13.32,20
13.34,13.3333
13.36,10
13.38,10.8333
13.4,10
13.42,9.16667
13.44,7.5
13.46,10
13.48,9.16667
13.5,6.66667
13.52,8.33333
13.54,9.16667
13.56,11.6667
13.58,10.8333
13.6,8.33333
13.62,10
13.64,8.33333
13.66,10
13.68,5.83333
13.7,5
13.72,11.6667
13.74,8.33333
13.76,6.66667
13.78,8.33333
13.8,5.83333
13.82,9.16667
13.84,7.5
13.86,5
13.88,5
13.9,8.33333
13.92,7.5
13.94,11.6667
13.96,5
13.98,4.16667
14,9.16667
14.02,7.5
14.04,4.16667
14.06,4.16667
14.08,7.5
14.1,6.66667
14.12,7.5
14.14,7.5
14.16,6.66667
14.18,9.16667
14.2,4.16667
14.22,3.33333
14.24,3.33333
14.26,2.5
14.28,7.5
14.3,6.66667
14.32,5.83333
14.34,5.83333
14.36,2.5
14.38,4.16667
14.4,6.66667
14.42,3.33333
14.44,5.83333
14.46,5
14.48,4.16667
14.5,5
14.52,4.16667
14.54,6.66667
14.56,7.5
14.58,1.66667
14.6,10
14.62,8.33333
14.64,6.66667
14.66,8.33333
14.68,10.8333
14.7,6.66667
14.72,5
14.74,5
14.76,6.66667
14.78,6.66667
14.8,5
14.82,4.16667
14.84,9.16667
14.86,2.5
14.88,5.83333
14.9,6.66667
14.92,5
14.94,6.66667
14.96,5.83333
14.98,5.83333
15,6.66667
15.02,6.66667
15.04,6.66667
15.06,8.33333
15.08,6.66667
15.1,5.83333
15.12,13.3333
15.14,8.33333
15.16,7.5
15.18,5.83333
15.2,4.16667
15.22,15
15.24,6.66667
15.26,6.66667
15.28,7.5
15.3,5.83333
15.32,8.33333
15.34,5
15.36,0.833333
15.38,11.6667
15.4,5
15.42,5.83333
15.44,2.5
15.46,5
15.48,4.16667
15.5,8.33333
15.52,5.83333
15.54,6.66667
15.56,5.83333
15.58,7.5
15.6,5
15.62,5.83333
15.64,6.66667
15.66,9.16667
15.68,5
15.7,8.33333
15.72,5
15.74,8.33333
15.76,5.83333
15.78,7.5
15.8,7.5
15.82,5.83333
15.84,8.33333
15.86,5.83333
15.88,12.5
15.9,9.16667
15.92,7.5
15.94,5.83333
15.96,6.66667
15.98,10
16,14.1667
16.02,8.33333
16.04,11.6667
16.06,9.16667
16.08,10.8333
16.1,9.16667
16.12,9.16667
16.14,5.83333
16.16,9.16667
16.18,14.1667
16.2,5
16.22,13.3333
16.24,7.5
16.26,8.33333
16.28,14.1667
16.3,6.66667
16.32,11.6667
16.34,9.16667
16.36,10
16.38,10
16.4,7.5
16.42,10
16.44,9.16667
16.46,11.6667
16.48,9.16667
16.5,11.6667
16.52,10
16.54,10.8333
16.56,13.3333
16.58,11.6667
16.6,15.8333
16.62,13.3333
16.64,19.1667
16.66,18.3333
16.68,23.3333
16.7,20.8333
16.72,24.1667
16.74,30.8333
16.76,35
16.78,37.5
16.8,50
16.82,52.5
16.84,54.1667
16.86,56.6667
16.88,60
16.9,55
16.92,49.1667
16.94,43.3333
16.96,43.3333
16.98,38.3333
17,25.8333
17.02,19.1667
17.04,14.1667
17.06,21.6667
17.08,20.8333
17.1,19.1667
17.12,15.8333
17.14,15.8333
17.16,10.8333
17.18,17.5
17.2,17.5
17.22,17.5
17.24,19.1667
17.26,17.5
17.28,20.8333
17.3,25
17.32,15.8333
17.34,16.6667
17.36,19.1667
17.38,16.6667
17.4,15.8333
17.42,15.8333
17.44,15.8333
17.46,17.5
17.48,18.3333
17.5,13.3333
17.52,14.1667
17.54,13.3333
17.56,13.3333
17.58,15
17.6,17.5
17.62,20.8333
17.64,17.5
17.66,16.6667
17.68,15.8333
17.7,16.6667
17.72,18.3333
17.74,27.5
17.76,22.5
17.78,32.5
17.8,30.8333
17.82,25
17.84,38.3333
17.86,50
17.88,54.1667
17.9,57.5
17.92,78.3333
17.94,78.3333
17.96,79.1667
17.98,77.5
18,70.8333
18.02,67.5
18.04,58.3333
18.06,53.3333
18.08,37.5
18.1,29.1667
18.12,25.8333
18.14,15.8333
18.16,15
18.18,20.8333
18.2,16.6667
18.22,11.6667
18.24,11.6667
18.26,15
18.28,14.1667
18.3,15
18.32,14.1667
18.34,11.6667
18.36,13.3333
18.38,10.8333
18.4,13.3333
18.42,14.1667
18.44,10.8333
18.46,9.16667
18.48,9.16667
18.5,9.16667
18.52,13.3333
18.54,11.6667
18.56,10
18.58,10
18.6,9.16667
18.62,11.6667
18.64,12.5
18.66,12.5
18.68,12.5
18.7,11.6667
18.72,10
18.74,11.6667
18.76,13.3333
18.78,11.6667
18.8,16.6667
18.82,19.1667
18.84,15
18.86,21.6667
18.88,25.8333
18.9,31.6667
18.92,32.5
18.94,39.1667
18.96,42.5
18.98,60
19,75
19.02,94.1667
19.04,125
19.06,141.667
19.08,160
19.1,184.167
19.12,182.5
19.14,187.5
19.16,180
19.18,168.333
19.2,154.167
19.22,126.667
19.24,100
19.26,73.3333
19.28,51.6667
19.3,44.1667
19.32,38.3333
19.34,40
19.36,50
19.38,63.3333
19.4,76.6667
19.42,85
19.44,86.6667
19.46,91.6667
19.48,99.1667
19.5,111.667
19.52,129.167
19.54,116.667
19.56,110
19.58,92.5
19.6,66.6667
19.62,44.1667
19.64,33.3333
19.66,29.1667
19.68,21.6667
19.7,18.3333
19.72,15
19.74,13.3333
19.76,10
19.78,8.33333
19.8,11.6667
19.82,11.6667
19.84,10.8333
19.86,10
19.88,10
19.9,8.33333
19.92,8.33333
19.94,9.16667
19.96,10
19.98,9.16667
20,8.33333
20.02,9.16667
20.04,11.6667
20.06,12.5
20.08,10
20.1,10
20.12,8.33333
20.14,6.66667
20.16,9.16667
20.18,10.8333
20.2,10
20.22,6.66667
20.24,8.33333
20.26,10
20.28,8.33333
20.3,9.16667
20.32,10.8333
20.34,15
20.36,18.3333
20.38,16.6667
20.4,19.1667
20.42,19.1667
20.44,20.8333
20.46,26.6667
20.48,25
20.5,24.1667
20.52,20.8333
20.54,17.5
20.56,18.3333
20.58,18.3333
20.6,14.1667
20.62,10
20.64,7.5
20.66,8.33333
20.68,10.8333
20.7,9.16667
20.72,7.5
20.74,8.33333
20.76,9.16667
20.78,10
20.8,8.33333
20.82,9.16667
20.84,6.66667
20.86,6.66667
20.88,9.16667
20.9,8.33333
20.92,6.66667
20.94,5.83333
20.96,6.66667
20.98,7.5
21,8.33333
21.02,6.66667
21.04,10.8333
21.06,10
21.08,8.33333
21.1,14.1667
21.12,12.5
21.14,10.8333
21.16,10.8333
21.18,9.16667
21.2,12.5
21.22,20
21.24,18.3333
21.26,18.3333
21.28,20.8333
21.3,22.5
21.32,34.1667
21.34,40
21.36,42.5
21.38,61.6667
21.4,88.3333
21.42,108.333
21.44,125
21.46,140
21.48,160.833
21.5,171.667
21.52,169.167
21.54,168.333
21.56,147.5
21.58,130.833
21.6,102.5
21.62,73.3333
21.64,56.6667
21.66,40
21.68,29.1667
21.7,19.1667
21.72,18.3333
21.74,17.5
21.76,17.5
21.78,15.8333
21.8,17.5
21.82,14.1667
21.84,9.16667
21.86,10
21.88,10.8333
21.9,7.5
21.92,7.5
21.94,8.33333
21.96,8.33333
21.98,8.33333
22,7.5
22.02,8.33333
22.04,8.33333
22.06,5.83333
22.08,7.5
22.1,10
22.12,14.1667
22.14,12.5
22.16,7.5
22.18,10.8333
22.2,10
22.22,10
22.24,6.66667
22.26,10.8333
22.28,11.6667
22.3,10.8333
22.32,9.16667
22.34,11.6667
22.36,6.66667
22.38,8.33333
22.4,11.6667
22.42,10.8333
22.44,10.8333
22.46,10
22.48,7.5
22.5,6.66667
22.52,8.33333
22.54,8.33333
22.56,9.16667
22.58,10.8333
22.6,10
22.62,7.5
22.64,9.16667
22.66,10
22.68,10.8333
22.7,7.5
22.72,7.5
22.74,4.16667
22.76,8.33333
22.78,10
22.8,7.5
22.82,5.83333
22.84,5.83333
22.86,5.83333
22.88,5.83333
22.9,6.66667
22.92,8.33333
22.94,4.16667
22.96,7.5
22.98,9.16667
23,9.16667
23.02,10
23.04,9.16667
23.06,6.66667
23.08,3.33333
23.1,4.16667
23.12,9.16667
23.14,10
23.16,4.16667
23.18,3.33333
23.2,6.66667
23.22,7.5
23.24,6.66667
23.26,3.33333
23.28,5
23.3,5.83333
23.32,5.83333
23.34,5
23.36,4.16667
23.38,5
23.4,7.5
23.42,8.33333
23.44,8.33333
23.46,10.8333
23.48,7.5
23.5,4.16667
23.52,4.16667
23.54,11.6667
23.56,6.66667
23.58,3.33333
23.6,6.66667
23.62,6.66667
23.64,6.66667
23.66,5.83333
23.68,6.66667
23.7,6.66667
23.72,6.66667
23.74,8.33333
23.76,7.5
23.78,5.83333
23.8,5
23.82,5.83333
23.84,6.66667
23.86,9.16667
23.88,6.66667
23.9,9.16667
23.92,10
23.94,8.33333
23.96,7.5
23.98,7.5
24,8.33333
24.02,12.5
24.04,10
24.06,8.33333
24.08,9.16667
24.1,7.5
24.12,9.16667
24.14,10.8333
24.16,10
24.18,12.5
24.2,9.16667
24.22,10
24.24,7.5
24.26,9.16667
24.28,11.6667
24.3,6.66667
24.32,10
24.34,14.1667
24.36,14.1667
24.38,13.3333
24.4,16.6667
24.42,15
24.44,15.8333
24.46,21.6667
24.48,18.3333
24.5,24.1667
24.52,42.5
24.54,45.8333
24.56,53.3333
24.58,65
24.6,109.167
24.62,122.5
24.64,140.833
24.66,180.833
24.68,229.167
24.7,288.333
24.72,315.833
24.74,314.167
24.76,341.667
24.78,330
24.8,307.5
24.82,257.5
24.84,195
24.86,138.333
24.88,105.833
24.9,66.6667
24.92,48.3333
24.94,32.5
24.96,30
24.98,21.6667
25,25
25.02,22.5
25.04,19.1667
25.06,20.8333
25.08,16.6667
25.1,16.6667
25.12,20.8333
25.14,15.8333
25.16,13.3333
25.18,14.1667
25.2,13.3333
25.22,13.3333
25.24,14.1667
25.26,14.1667
25.28,9.16667
25.3,8.33333
25.32,10.8333
25.34,13.3333
25.36,11.6667
25.38,11.6667
25.4,13.3333
25.42,10.8333
25.44,10
25.46,11.6667
25.48,9.16667
25.5,9.16667
25.52,7.5
25.54,10.8333
25.56,11.6667
25.58,8.33333
25.6,5.83333
25.62,11.6667
25.64,14.1667
25.66,10
25.68,12.5
25.7,15
25.72,10
25.74,14.1667
25.76,13.3333
25.78,18.3333
25.8,17.5
25.82,25.8333
25.84,27.5
25.86,34.1667
25.88,40
25.9,37.5
25.92,43.3333
25.94,45
25.96,39.1667
25.98,32.5
26,26.6667
26.02,34.1667
26.04,24.1667
26.06,15.8333
26.08,17.5
26.1,10
26.12,13.3333
26.14,16.6667
26.16,11.6667
26.18,10.8333
26.2,14.1667
26.22,19.1667
26.24,15.8333
26.26,18.3333
26.28,18.3333
26.3,15.8333
26.32,20
26.34,15.8333
26.36,20
26.38,20
26.4,21.6667
26.42,35
26.44,50
26.46,55.8333
26.48,67.5
26.5,102.5
26.52,120.833
26.54,151.667
26.56,175.833
26.58,207.5
26.6,274.167
26.62,242.5
26.64,260.833
26.66,256.667
26.68,273.333
26.7,211.667
26.72,157.5
26.74,134.167
26.76,95
26.78,65.8333
26.8,64.1667
26.82,36.6667
26.84,21.6667
26.86,25
26.88,14.1667
26.9,17.5
26.92,21.6667
26.94,19.1667
26.96,13.3333
26.98,13.3333
27,18.3333
27.02,10
27.04,12.5
27.06,12.5
27.08,20
27.1,12.5
27.12,5.83333
27.14,17.5
27.16,10.8333
27.18,12.5
27.2,15.8333
27.22,13.3333
27.24,13.3333
27.26,14.1667
27.28,17.5
27.3,23.3333
27.32,27.5
27.34,29.1667
27.36,36.6667
27.38,35.8333
27.4,40.8333
27.42,52.5
27.44,70.8333
27.46,60.8333
27.48,54.1667
27.5,65
27.52,61.6667
27.54,48.3333
27.56,42.5
27.58,27.5
27.6,24.1667
27.62,17.5
27.64,20
27.66,13.3333
27.68,12.5
27.7,8.33333
27.72,9.16667
27.74,14.1667
27.76,9.16667
27.78,12.5
27.8,10
27.82,10.8333
27.84,9.16667
27.86,9.16667
27.88,12.5
27.9,6.66667
27.92,8.33333
27.94,10
27.96,5.83333
27.98,8.33333
28,9.16667
28.02,10
28.04,9.16667
28.06,11.6667
28.08,10
28.1,9.16667
28.12,4.16667
28.14,14.1667
28.16,10
28.18,10.8333
28.2,3.33333
28.22,7.5
28.24,11.6667
28.26,8.33333
28.28,13.3333
28.3,6.66667
28.32,8.33333
28.34,8.33333
28.36,9.16667
28.38,5.83333
28.4,10.8333
28.42,4.16667
28.44,8.33333
28.46,6.66667
28.48,6.66667
28.5,6.66667
28.52,8.33333
28.54,9.16667
28.56,7.5
28.58,10.8333
28.6,12.5
28.62,8.33333
28.64,10.8333
28.66,17.5
28.68,12.5
28.7,11.6667
28.72,10.8333
28.74,10
28.76,5.83333
28.78,9.16667
28.8,12.5
28.82,15
28.84,13.3333
28.86,14.1667
28.88,11.6667
28.9,10.8333
28.92,16.6667
28.94,10.8333
28.96,10.8333
28.98,16.6667
29,14.1667
29.02,11.6667
29.04,9.16667
29.06,12.5
29.08,10.8333
29.1,8.33333
29.12,9.16667
29.14,14.1667
29.16,13.3333
29.18,14.1667
29.2,18.3333
29.22,13.3333
29.24,15.8333
29.26,22.5
29.28,15
29.3,25.8333
29.32,36.6667
29.34,39.1667
29.36,40.8333
29.38,67.5
29.4,70.8333
29.42,86.6667
29.44,84.1667
29.46,85
29.48,102.5
29.5,96.6667
29.52,75.8333
29.54,59.1667
29.56,53.3333
29.58,36.6667
29.6,27.5
29.62,24.1667
29.64,16.6667
29.66,15.8333
29.68,18.3333
29.7,13.3333
29.72,13.3333
29.74,13.3333
29.76,9.16667
29.78,7.5
29.8,14.1667
29.82,10.8333
29.84,10
29.86,11.6667
29.88,7.5
29.9,5.83333
29.92,5
29.94,13.3333
29.96,14.1667
29.98,10.8333
30,8.33333
30.02,6.66667
30.04,4.16667
30.06,5
30.08,10.8333
30.1,12.5
30.12,8.33333
30.14,10
30.16,9.16667
30.18,8.33333
30.2,10.8333
30.22,14.1667
30.24,9.16667
30.26,10.8333
30.28,7.5
30.3,7.5
30.32,7.5
30.34,7.5
30.36,8.33333
30.38,9.16667
30.4,12.5
30.42,9.16667
30.44,9.16667
30.46,12.5
30.48,11.6667
30.5,11.6667
30.52,10.8333
30.54,9.16667
30.56,9.16667
30.58,10
30.6,8.33333
30.62,10
30.64,7.5
30.66,8.33333
30.68,6.66667
30.7,10.8333
30.72,8.33333
30.74,8.33333
30.76,7.5
30.78,5.83333
30.8,7.5
30.82,9.16667
30.84,7.5
30.86,10
30.88,6.66667
30.9,10.8333
30.92,11.6667
30.94,9.16667
30.96,9.16667
30.98,9.16667
31,12.5
31.02,7.5
31.04,7.5
31.06,5.83333
31.08,10.8333
31.1,8.33333
31.12,10.8333
31.14,5.83333
31.16,5.83333
31.18,6.66667
31.2,9.16667
31.22,6.66667
31.24,6.66667
31.26,5.83333
31.28,5.83333
31.3,9.16667
31.32,5
31.34,6.66667
31.36,8.33333
31.38,10
31.4,11.6667
31.42,12.5
31.44,9.16667
31.46,12.5
31.48,10.8333
31.5,12.5
31.52,16.6667
31.54,15
31.56,19.1667
31.58,20
31.6,20
31.62,25
31.64,35
31.66,44.1667
31.68,47.5
31.7,49.1667
31.72,54.1667
31.74,55
31.76,54.1667
31.78,45
31.8,38.3333
31.82,43.3333
31.84,35
31.86,39.1667
31.88,48.3333
31.9,55
31.92,63.3333
31.94,82.5
31.96,113.333
31.98,140.833
32,188.333
32.02,234.167
32.04,290
32.06,342.5
32.08,372.5
32.1,369.167
32.12,368.333
32.14,348.333
32.16,314.167
32.18,259.167
32.2,211.667
32.22,165.833
32.24,129.167
32.26,93.3333
32.28,63.3333
32.3,41.6667
32.32,35.8333
32.34,27.5
32.36,18.3333
32.38,15.8333
32.4,18.3333
32.42,15
32.44,19.1667
32.46,15.8333
32.48,16.6667
32.5,14.1667
32.52,13.3333
32.54,11.6667
32.56,12.5
32.58,13.3333
32.6,9.16667
32.62,8.33333
32.64,11.6667
32.66,14.1667
32.68,10.8333
32.7,11.6667
32.72,10
32.74,6.66667
32.76,8.33333
32.78,7.5
32.8,9.16667
32.82,9.16667
32.84,8.33333
32.86,7.5
32.88,15
32.9,14.1667
32.92,10
32.94,7.5
32.96,7.5
32.98,6.66667
33,9.16667
33.02,10
33.04,6.66667
33.06,6.66667
33.08,10
33.1,11.6667
33.12,10
33.14,7.5
33.16,8.33333
33.18,6.66667
33.2,7.5
33.22,10
33.24,12.5
33.26,12.5
33.28,8.33333
33.3,10
33.32,12.5
33.34,11.6667
33.36,10
33.38,6.66667
33.4,10
33.42,15
33.44,17.5
33.46,21.6667
33.48,21.6667
33.5,21.6667
33.52,35
33.54,40
33.56,42.5
33.58,48.3333
33.6,51.6667
33.62,54.1667
33.64,56.6667
33.66,54.1667
33.68,49.1667
33.7,48.3333
33.72,42.5
33.74,42.5
33.76,50.8333
33.78,55.8333
33.8,57.5
33.82,68.3333
33.84,85
33.86,108.333
33.88,124.167
33.9,135
33.92,148.333
33.94,147.5
33.96,149.167
33.98,132.5
34,120
34.02,123.333
34.04,123.333
34.06,130
34.08,155.833
34.1,167.5
34.12,160.833
34.14,168.333
34.16,176.667
34.18,161.667
34.2,135.833
34.22,121.667
34.24,100.833
34.26,74.1667
34.28,62.5
34.3,47.5
34.32,38.3333
34.34,34.1667
34.36,26.6667
34.38,25
34.4,23.3333
34.42,28.3333
34.44,30.8333
34.46,35
34.48,37.5
34.5,35
34.52,50
34.54,77.5
34.56,110.833
34.58,145.833
34.6,199.167
34.62,260
34.64,321.667
34.66,400
34.68,455.833
34.7,498.333
34.72,513.333
34.74,512.5
34.76,502.5
34.78,444.167
34.8,360.833
34.82,277.5
34.84,217.5
34.86,166.667
34.88,127.5
34.9,95.8333
34.92,65.8333
34.94,54.1667
34.96,52.5
34.98,43.3333
35,38.3333
35.02,38.3333
35.04,30.8333
35.06,31.6667
35.08,40
35.1,43.3333
35.12,40
35.14,41.6667
35.16,48.3333
35.18,55.8333
35.2,74.1667
35.22,104.167
35.24,135.833
35.26,176.667
35.28,227.5
35.3,284.167
35.32,336.667
35.34,360
35.36,360.833
35.38,380
35.4,375
35.42,320
35.44,281.667
35.46,240.833
35.48,164.167
35.5,127.5
35.52,100.833
35.54,71.6667
35.56,53.3333
35.58,40
35.6,29.1667
35.62,25
35.64,27.5
35.66,24.1667
35.68,25
35.7,22.5
35.72,12.5
35.74,14.1667
35.76,18.3333
35.78,16.6667
35.8,16.6667
35.82,15.8333
35.84,12.5
35.86,10.8333
35.88,12.5
35.9,15.8333
35.92,14.1667
35.94,13.3333
35.96,12.5
35.98,11.6667
36,14.1667
36.02,11.6667
36.04,10.8333
36.06,10
36.08,11.6667
36.1,12.5
36.12,13.3333
36.14,13.3333
36.16,11.6667
36.18,15.8333
36.2,21.6667
36.22,20
36.24,22.5
36.26,25
36.28,30
36.3,33.3333
36.32,45
36.34,57.5
36.36,61.6667
36.38,62.5
36.4,62.5
36.42,73.3333
36.44,68.3333
36.46,55.8333
36.48,53.3333
36.5,43.3333
36.52,36.6667
36.54,28.3333
36.56,20.8333
36.58,17.5
36.6,11.6667
36.62,10.8333
36.64,13.3333
36.66,14.1667
36.68,13.3333
36.7,10
36.72,13.3333
36.74,5.83333
36.76,10
36.78,16.6667
36.8,16.6667
36.82,14.1667
36.84,12.5
36.86,9.16667
36.88,8.33333
36.9,10
36.92,9.16667
36.94,8.33333
36.96,9.16667
36.98,7.5
37,4.16667
37.02,3.33333
37.04,4.16667
37.06,4.16667
37.08,3.33333
37.1,6.66667
37.12,7.5
37.14,7.5
37.16,4.16667
37.18,4.16667
37.2,5.83333
37.22,6.66667
37.24,6.66667
37.26,8.33333
37.28,7.5
37.3,6.66667
37.32,5
37.34,5
37.36,8.33333
37.38,4.16667
37.4,4.16667
37.42,7.5
37.44,5
37.46,4.16667
37.48,5
37.5,6.66667
37.52,5
37.54,5
37.56,7.5
37.58,5.83333
37.6,5
37.62,5.83333
37.64,7.5
37.66,12.5
37.68,15
37.7,11.6667
37.72,16.6667
37.74,20.8333
37.76,21.6667
37.78,20.8333
37.8,26.6667
37.82,36.6667
37.84,36.6667
37.86,36.6667
37.88,31.6667
37.9,40.8333
37.92,35
37.94,29.1667
37.96,35
37.98,40
38,41.6667
38.02,43.3333
38.04,39.1667
38.06,34.1667
38.08,30
38.1,20.8333
38.12,20.8333
38.14,16.6667
38.16,22.5
38.18,10
38.2,10
38.22,8.33333
38.24,10
38.26,10.8333
38.28,8.33333
38.3,4.16667
38.32,6.66667
38.34,9.16667
38.36,4.16667
38.38,4.16667
38.4,12.5
38.42,11.6667
38.44,5
38.46,3.33333
38.48,5
38.5,7.5
38.52,7.5
38.54,9.16667
38.56,5.83333
38.58,11.6667
38.6,10.8333
38.62,12.5
38.64,8.33333
38.66,15.8333
38.68,23.3333
38.7,23.3333
38.72,30.8333
38.74,40
38.76,65
38.78,56.6667
38.8,61.6667
38.82,82.5
38.84,79.1667
38.86,79.1667
38.88,81.6667
38.9,74.1667
38.92,61.6667
38.94,57.5
38.96,45.8333
38.98,40
39,35.8333
39.02,26.6667
39.04,24.1667
39.06,18.3333
39.08,13.3333
39.1,15
39.12,12.5
39.14,14.1667
39.16,10
39.18,11.6667
39.2,9.16667
39.22,6.66667
39.24,8.33333
39.26,5.83333
39.28,10
39.3,5
39.32,7.5
39.34,6.66667
39.36,5.83333
39.38,9.16667
39.4,8.33333
39.42,5
39.44,6.66667
39.46,11.6667
39.48,9.16667
39.5,11.6667
39.52,13.3333
39.54,12.5
39.56,17.5
39.58,17.5
39.6,21.6667
39.62,24.1667
39.64,25.8333
39.66,27.5
39.68,12.5
39.7,13.3333
39.72,12.5
39.74,13.3333
39.76,6.66667
39.78,2.5
39.8,5.83333
39.82,8.33333
39.84,6.66667
39.86,6.66667
39.88,10
39.9,5
39.92,6.66667
39.94,7.5
39.96,9.16667
39.98,1.66667
40,8.33333
40.02,5.83333
40.04,5
40.06,8.33333
40.08,6.66667
40.1,14.1667
40.12,8.33333
40.14,12.5
40.16,8.33333
40.18,8.33333
40.2,7.5
40.22,7.5
40.24,10.8333
40.26,6.66667
40.28,9.16667
40.3,5.83333
40.32,7.5
40.34,7.5
40.36,6.66667
40.38,7.5
40.4,5.83333
40.42,3.33333
40.44,10.8333
40.46,7.5
40.48,9.16667
40.5,9.16667
40.52,12.5
40.54,13.3333
40.56,10.8333
40.58,12.5
40.6,11.6667
40.62,16.6667
40.64,30
40.66,27.5
40.68,26.6667
40.7,30
40.72,35.8333
40.74,31.6667
40.76,24.1667
40.78,25
40.8,22.5
40.82,33.3333
40.84,15
40.86,17.5
40.88,10
40.9,4.16667
40.92,14.1667
40.94,10
40.96,8.33333
40.98,5
41,7.5
41.02,6.66667
41.04,4.16667
41.06,5.83333
41.08,9.16667
41.1,7.5
41.12,6.66667
41.14,5
41.16,13.3333
41.18,6.66667
41.2,3.33333
41.22,4.16667
41.24,2.5
41.26,5.83333
41.28,5
41.3,3.33333
41.32,4.16667
41.34,7.5
41.36,7.5
41.38,10.8333
41.4,7.5
41.42,8.33333
41.44,6.66667
41.46,13.3333
41.48,15
41.5,15.8333
41.52,16.6667
41.54,12.5
41.56,25
41.58,21.6667
41.6,29.1667
41.62,24.1667
41.64,32.5
41.66,36.6667
41.68,26.6667
41.7,21.6667
41.72,25
41.74,24.1667
41.76,15
41.78,12.5
41.8,10.8333
41.82,7.5
41.84,10
41.86,10
41.88,6.66667
41.9,4.16667
41.92,3.33333
41.94,5.83333
41.96,4.16667
41.98,5.83333
42,3.33333
42.02,3.33333
42.04,6.66667
42.06,5
42.08,4.16667
42.1,6.66667
42.12,6.66667
42.14,5.83333
42.16,5.83333
42.18,8.33333
42.2,5.83333
42.22,5.83333
42.24,5.83333
42.26,7.5
42.28,3.33333
42.3,2.5
42.32,1.66667
42.34,7.5
42.36,5.83333
42.38,3.33333
42.4,6.66667
42.42,2.5
42.44,3.33333
42.46,3.33333
42.48,1.66667
42.5,3.33333
42.52,5.83333
42.54,5.83333
42.56,7.5
42.58,3.33333
42.6,7.5
42.62,9.16667
42.64,5.83333
42.66,6.66667
42.68,6.66667
42.7,5.83333
42.72,10
42.74,8.33333
42.76,3.33333
42.78,5.83333
42.8,9.16667
42.82,5.83333
42.84,5
42.86,5.83333
42.88,4.16667
42.9,7.5
42.92,5.83333
42.94,6.66667
42.96,3.33333
42.98,5.83333
43,5
43.02,2.5
43.04,2.5
43.06,3.33333
43.08,3.33333
43.1,7.5
43.12,10
43.14,6.66667
43.16,4.16667
43.18,5
43.2,5.83333
43.22,2.5
43.24,1.66667
43.26,3.33333
43.28,5.83333
43.3,7.5
43.32,6.66667
43.34,2.5
43.36,5
43.38,8.33333
43.4,5.83333
43.42,2.5
43.44,2.5
43.46,2.5
43.48,1.66667
43.5,4.16667
43.52,3.33333
43.54,5
43.56,9.16667
43.58,7.5
43.6,5.83333
43.62,8.33333
43.64,10
43.66,10.8333
43.68,9.16667
43.7,12.5
43.72,15.8333
43.74,25.8333
43.76,23.3333
43.78,23.3333
43.8,27.5
43.82,25
43.84,21.6667
43.86,27.5
43.88,27.5
43.9,25
43.92,29.1667
43.94,34.1667
43.96,40
43.98,51.6667
44,65.8333
44.02,83.3333
44.04,93.3333
44.06,120.833
44.08,140
44.1,149.167
44.12,140
44.14,127.5
44.16,136.667
44.18,118.333
44.2,89.1667
44.22,79.1667
44.24,78.3333
44.26,68.3333
44.28,51.6667
44.3,35
44.32,25
44.34,15.8333
44.36,9.16667
44.38,10.8333
44.4,11.6667
44.42,8.33333
44.44,9.16667
44.46,6.66667
44.48,6.66667
44.5,7.5
44.52,7.5
44.54,8.33333
44.56,6.66667
44.58,10
44.6,7.5
44.62,5.83333
44.64,6.66667
44.66,6.66667
44.68,8.33333
44.7,7.5
44.72,5.83333
44.74,4.16667
44.76,4.16667
44.78,7.5
44.8,7.5
44.82,5
44.84,4.16667
44.86,3.33333
44.88,3.33333
44.9,5
44.92,5.83333
44.94,7.5
44.96,9.16667
44.98,10
45,8.33333
45.02,5.83333
45.04,5
45.06,6.66667
45.08,10.8333
45.1,12.5
45.12,10.8333
45.14,11.6667
45.16,10.8333
45.18,11.6667
45.2,13.3333
45.22,15.8333
45.24,19.1667
45.26,20.8333
45.28,21.6667
45.3,16.6667
45.32,15
45.34,17.5
45.36,15
45.38,10
45.4,10
45.42,10.8333
45.44,11.6667
45.46,8.33333
45.48,5.83333
45.5,5.83333
45.52,7.5
45.54,7.5
45.56,6.66667
45.58,8.33333
45.6,9.16667
45.62,7.5
45.64,10.8333
45.66,12.5
45.68,11.6667
45.7,15
45.72,12.5
45.74,11.6667
45.76,15.8333
45.78,14.1667
45.8,11.6667
45.82,7.5
45.84,5
45.86,6.66667
45.88,5.83333
45.9,8.33333
45.92,9.16667
45.94,5.83333
45.96,1.66667
45.98,3.33333
46,6.66667
46.02,6.66667
46.04,5.83333
46.06,3.33333
46.08,2.5
46.1,1.66667
46.12,4.16667
46.14,7.5
46.16,6.66667
46.18,5.83333
46.2,8.33333
46.22,8.33333
46.24,5
46.26,5
46.28,4.16667
46.3,5.83333
46.32,5
46.34,5.83333
46.36,5.83333
46.38,5.83333
46.4,7.5
46.42,7.5
46.44,5
46.46,7.5
46.48,7.5
46.5,10
46.52,8.33333
46.54,7.5
46.56,12.5
46.58,15.8333
46.6,20
46.62,26.6667
46.64,30
46.66,29.1667
46.68,21.6667
46.7,23.3333
46.72,17.5
46.74,11.6667
46.76,15.8333
46.78,11.6667
46.8,12.5
46.82,9.16667
46.84,8.33333
46.86,11.6667
46.88,7.5
46.9,7.5
46.92,5.83333
46.94,3.33333
46.96,5
46.98,6.66667
47,6.66667
47.02,8.33333
47.04,4.16667
47.06,3.33333
47.08,2.5
47.1,3.33333
47.12,3.33333
47.14,6.66667
47.16,8.33333
47.18,3.33333
47.2,3.33333
47.22,5
47.24,5.83333
47.26,4.16667
47.28,5
47.3,3.33333
47.32,2.5
47.34,5.83333
47.36,9.16667
47.38,7.5
47.4,7.5
47.42,6.66667
47.44,9.16667
47.46,7.5
47.48,7.5
47.5,10
47.52,9.16667
47.54,5.83333
47.56,5
47.58,5
47.6,5
47.62,6.66667
47.64,6.66667
47.66,3.33333
47.68,4.16667
47.7,5
47.72,6.66667
47.74,4.16667
47.76,3.33333
47.78,8.33333
47.8,4.16667
47.82,5
47.84,2.5
47.86,5
47.88,7.5
47.9,6.66667
47.92,5.83333
47.94,5
47.96,6.66667
47.98,4.16667
48,5
48.02,4.16667
48.04,5
48.06,4.16667
48.08,6.66667
48.1,5.83333
48.12,4.16667
48.14,7.5
48.16,5.83333
48.18,2.5
48.2,5.83333
48.22,5
48.24,4.16667
48.26,10
48.28,9.16667
48.3,4.16667
48.32,7.5
48.34,10.8333
48.36,3.33333
48.38,5.83333
48.4,7.5
48.42,8.33333
48.44,7.5
48.46,10.8333
48.48,7.5
48.5,8.33333
48.52,6.66667
48.54,13.3333
48.56,15
48.58,20
48.6,16.6667
48.62,23.3333
48.64,22.5
48.66,25.8333
48.68,26.6667
48.7,14.1667
48.72,25.8333
48.74,20.8333
48.76,10.8333
48.78,15
48.8,14.1667
48.82,9.16667
48.84,10
48.86,15.8333
48.88,10
48.9,9.16667
48.92,12.5
48.94,4.16667
48.96,10.8333
48.98,11.6667
49,5.83333
49.02,5.83333
49.04,10
49.06,7.5
49.08,4.16667
49.1,9.16667
49.12,9.16667
49.14,12.5
49.16,19.1667
49.18,18.3333
49.2,25
49.22,26.6667
49.24,24.1667
49.26,40.8333
49.28,40.8333
49.3,50.8333
49.32,47.5
49.34,46.6667
49.36,60.8333
49.38,67.5
49.4,71.6667
49.42,88.3333
49.44,83.3333
49.46,107.5
49.48,99.1667
49.5,96.6667
49.52,81.6667
49.54,75
49.56,68.3333
49.58,65.8333
49.6,56.6667
49.62,41.6667
49.64,41.6667
49.66,36.6667
49.68,35.8333
49.7,20.8333
49.72,15.8333
49.74,12.5
49.76,9.16667
49.78,6.66667
49.8,3.33333
49.82,6.66667
49.84,7.5
49.86,6.66667
49.88,12.5
49.9,12.5
49.92,8.33333
49.94,5
49.96,7.5
49.98,10.8333
50,8.33333
50.02,5
50.04,11.6667
50.06,14.1667
50.08,11.6667
50.1,16.6667
50.12,12.5
50.14,11.6667
50.16,14.1667
50.18,11.6667
50.2,7.5
50.22,12.5
50.24,12.5
50.26,14.1667
50.28,14.1667
50.3,21.6667
50.32,16.6667
50.34,17.5
50.36,21.6667
50.38,24.1667
50.4,24.1667
50.42,25
50.44,17.5
50.46,19.1667
50.48,15.8333
50.5,22.5
50.52,19.1667
50.54,21.6667
50.56,13.3333
50.58,15.8333
50.6,26.6667
50.62,39.1667
50.64,49.1667
50.66,55.8333
50.68,66.6667
50.7,68.3333
50.72,88.3333
50.74,99.1667
50.76,101.667
50.78,94.1667
50.8,82.5
50.82,70.8333
50.84,71.6667
50.86,73.3333
50.88,64.1667
50.9,61.6667
50.92,54.1667
50.94,44.1667
50.96,40.8333
50.98,33.3333
51,27.5
51.02,26.6667
51.04,27.5
51.06,15.8333
51.08,20
51.1,20.8333
51.12,20.8333
51.14,16.6667
51.16,10.8333
51.18,13.3333
51.2,9.16667
51.22,7.5
51.24,9.16667
51.26,9.16667
51.28,9.16667
51.3,10
51.32,5
51.34,4.16667
51.36,6.66667
51.38,6.66667
51.4,6.66667
51.42,9.16667
51.44,10.8333
51.46,10
51.48,7.5
51.5,7.5
51.52,10
51.54,8.33333
51.56,5.83333
51.58,7.5
51.6,11.6667
51.62,13.3333
51.64,13.3333
51.66,15.8333
51.68,21.6667
51.7,31.6667
51.72,38.3333
51.74,50
51.76,62.5
51.78,69.1667
51.8,79.1667
51.82,94.1667
51.84,97.5
51.86,87.5
51.88,84.1667
51.9,82.5
51.92,83.3333
51.94,75
51.96,63.3333
51.98,55
52,48.3333
52.02,40.8333
52.04,33.3333
52.06,28.3333
52.08,23.3333
52.1,25
52.12,22.5
52.14,20
52.16,25.8333
52.18,27.5
52.2,27.5
52.22,21.6667
52.24,20
52.26,24.1667
52.28,22.5
52.3,15.8333
52.32,15.8333
52.34,20.8333
52.36,19.1667
52.38,14.1667
52.4,11.6667
52.42,11.6667
52.44,10
52.46,7.5
52.48,5.83333
52.5,6.66667
52.52,8.33333
52.54,7.5
52.56,7.5
52.58,6.66667
52.6,4.16667
52.62,5.83333
52.64,10
52.66,9.16667
52.68,5.83333
52.7,6.66667
52.72,6.66667
52.74,7.5
52.76,7.5
52.78,5.83333
52.8,4.16667
52.82,5
52.84,8.33333
52.86,7.5
52.88,5.83333
52.9,5.83333
52.92,8.33333
52.94,6.66667
52.96,5
52.98,6.66667
53,5.83333
53.02,4.16667
53.04,4.16667
53.06,5.83333
53.08,5
53.1,5
53.12,7.5
53.14,10
53.16,14.1667
53.18,17.5
53.2,14.1667
53.22,15
53.24,17.5
53.26,18.3333
53.28,19.1667
53.3,19.1667
53.32,18.3333
53.34,22.5
53.36,21.6667
53.38,15.8333
53.4,15
53.42,20.8333
53.44,22.5
53.46,21.6667
53.48,20.8333
53.5,22.5
53.52,19.1667
53.54,19.1667
53.56,24.1667
53.58,21.6667
53.6,19.1667
53.62,22.5
53.64,20
53.66,17.5
53.68,21.6667
53.7,21.6667
53.72,27.5
53.74,32.5
53.76,35.8333
53.78,46.6667
53.8,53.3333
53.82,74.1667
53.84,105
53.86,130
53.88,159.167
53.9,168.333
53.92,170
53.94,162.5
53.96,162.5
53.98,157.5
54,140
54.02,133.333
54.04,149.167
54.06,145
54.08,107.5
54.1,92.5
54.12,94.1667
54.14,70.8333
54.16,55
54.18,48.3333
54.2,42.5
54.22,30.8333
54.24,26.6667
54.26,24.1667
54.28,19.1667
54.3,19.1667
54.32,14.1667
54.34,15.8333
54.36,13.3333
54.38,13.3333
54.4,13.3333
54.42,12.5
54.44,11.6667
54.46,4.16667
54.48,8.33333
54.5,7.5
54.52,10
54.54,7.5
54.56,4.16667
54.58,7.5
54.6,5.83333
54.62,7.5
54.64,6.66667
54.66,10
54.68,10.8333
54.7,19.1667
54.72,22.5
54.74,22.5
54.76,24.1667
54.78,29.1667
54.8,35
54.82,38.3333
54.84,40
54.86,41.6667
54.88,37.5
54.9,35.8333
54.92,39.1667
54.94,31.6667
54.96,30
54.98,28.3333
55,23.3333
55.02,21.6667
55.04,13.3333
55.06,15
55.08,19.1667
55.1,12.5
55.12,11.6667
55.14,9.16667
55.16,10
55.18,6.66667
55.2,8.33333
55.22,7.5
55.24,13.3333
55.26,9.16667
55.28,8.33333
55.3,15
55.32,8.33333
55.34,5.83333
55.36,10
55.38,9.16667
55.4,12.5
55.42,10.8333
55.44,10
55.46,11.6667
55.48,9.16667
55.5,17.5
55.52,19.1667
55.54,20
55.56,32.5
55.58,50
55.6,67.5
55.62,79.1667
55.64,88.3333
55.66,88.3333
55.68,96.6667
55.7,95.8333
55.72,100
55.74,86.6667
55.76,74.1667
55.78,78.3333
55.8,78.3333
55.82,70.8333
55.84,69.1667
55.86,58.3333
55.88,63.3333
55.9,52.5
55.92,50
55.94,35
55.96,27.5
55.98,21.6667
56,23.3333
56.02,16.6667
56.04,17.5
56.06,20
56.08,12.5
56.1,12.5
56.12,11.6667
56.14,11.6667
56.16,12.5
56.18,5.83333
56.2,9.16667
56.22,8.33333
56.24,8.33333
56.26,10
56.28,7.5
56.3,8.33333
56.32,10.8333
56.34,10
56.36,10.8333
56.38,7.5
56.4,6.66667
56.42,6.66667
56.44,10
56.46,6.66667
56.48,7.5
56.5,11.6667
56.52,9.16667
56.54,8.33333
56.56,11.6667
56.58,15.8333
56.6,20.8333
56.62,14.1667
56.64,15.8333
56.66,25.8333
56.68,21.6667
56.7,24.1667
56.72,20
56.74,15
56.76,15
56.78,15
56.8,15.8333
56.82,16.6667
56.84,11.6667
56.86,16.6667
56.88,13.3333
56.9,9.16667
56.92,10.8333
56.94,8.33333
56.96,7.5
56.98,6.66667
57,5.83333
57.02,7.5
57.04,10.8333
57.06,10
57.08,13.3333
57.1,12.5
57.12,6.66667
57.14,10.8333
57.16,8.33333
57.18,11.6667
57.2,5.83333
57.22,10.8333
57.24,12.5
57.26,11.6667
57.28,10
57.3,9.16667
57.32,10
57.34,6.66667
57.36,8.33333
57.38,6.66667
57.4,5
57.42,5.83333
57.44,3.33333
57.46,5.83333
57.48,4.16667
57.5,9.16667
57.52,6.66667
57.54,6.66667
57.56,5
57.58,5.83333
57.6,5.83333
57.62,7.5
57.64,7.5
57.66,11.6667
57.68,7.5
57.7,10
57.72,7.5
57.74,8.33333
57.76,14.1667
57.78,15
57.8,17.5
57.82,19.1667
57.84,15.8333
57.86,16.6667
57.88,29.1667
57.9,23.3333
57.92,23.3333
57.94,23.3333
57.96,25
57.98,14.1667
58,25.8333
58.02,19.1667
58.04,21.6667
58.06,19.1667
58.08,18.3333
58.1,17.5
58.12,20
58.14,18.3333
58.16,19.1667
58.18,27.5
58.2,16.6667
58.22,20
58.24,24.1667
58.26,34.1667
58.28,27.5
58.3,35.8333
58.32,62.5
58.34,75
58.36,111.667
58.38,148.333
58.4,180
58.42,220.833
58.44,268.333
58.46,234.167
58.48,245
58.5,249.167
58.52,224.167
58.54,176.667
58.56,189.167
58.58,203.333
58.6,166.667
58.62,179.167
58.64,145
58.66,119.167
58.68,87.5
58.7,87.5
58.72,55
58.74,35.8333
58.76,35
58.78,22.5
58.8,17.5
58.82,20
58.84,24.1667
58.86,15
58.88,15.8333
58.9,16.6667
58.92,13.3333
58.94,16.6667
58.96,10.8333
58.98,8.33333
59,11.6667
59.02,6.66667
59.04,7.5
59.06,9.16667
59.08,13.3333
59.1,9.16667
59.12,3.33333
59.14,5
59.16,5.83333
59.18,8.33333
59.2,5.83333
59.22,5
59.24,12.5
59.26,7.5
59.28,12.5
59.3,10
59.32,10.8333
59.34,7.5
59.36,13.3333
59.38,10.8333
59.4,6.66667
59.42,5
59.44,9.16667
59.46,9.16667
59.48,6.66667
59.5,10
59.52,11.6667
59.54,9.16667
59.56,7.5
59.58,14.1667
59.6,13.3333
59.62,20.8333
59.64,10
59.66,14.1667
59.68,17.5
59.7,13.3333
59.72,16.6667
59.74,19.1667
59.76,15.8333
59.78,12.5
59.8,14.1667
59.82,17.5
59.84,11.6667
59.86,16.6667
59.88,16.6667
59.9,10
59.92,10.8333
59.94,10
59.96,10
59.98,8.33333
60,8.33333

